49.51596,  0.00000
49.51512,  0.28807
49.51261,  0.57613
49.50842,  0.86417
49.50255,  1.15218
49.49501,  1.44016
49.48580,  1.72808
49.47491,  2.01595
49.43586,  2.30251
49.42163,  2.59008
49.40572,  2.87756
49.38815,  3.16494
49.36890,  3.45221
49.34798,  3.73937
49.32539,  4.02640
49.30113,  4.31329
49.27520,  4.60004
49.22123,  4.88401
49.19198,  5.17029
49.16107,  5.45638
49.12849,  5.74230
49.09426,  6.02802
49.05836,  6.31353
48.99452,  6.59530
48.95533,  6.88022
48.91447,  7.16491
48.87196,  7.44936
48.82779,  7.73356
48.75582,  8.01320
48.70837,  8.29671
48.65928,  8.57994
48.58247,  8.85813
48.53011,  9.14062
48.47611,  9.42280
48.42047,  9.70466
48.33723,  9.98084
48.27835, 10.26188
48.21783, 10.54258
48.12982, 10.81710
48.06607, 11.09693
48.00070, 11.37637
47.90795, 11.64917
47.83936, 11.92769
47.76916, 12.20581
47.67170, 12.47680
47.59831, 12.75393
47.49774, 13.02362
47.42117, 13.29973
47.34299, 13.57538
47.23777, 13.84313
47.15644, 14.11771
47.04816, 14.38407
46.96368, 14.65754
46.85235, 14.92246
46.76474, 15.19479
46.65039, 15.45826
46.55967, 15.72939
46.44231, 15.99137
46.34849, 16.26129
46.22814, 16.52173
46.13124, 16.79040
46.00792, 17.04928
45.90795, 17.31666
45.78169, 17.57394
45.65398, 17.83035
45.54948, 18.09565
45.41885, 18.35041
45.31133, 18.61433
45.17781, 18.86741
45.04288, 19.11957
44.93088, 19.38129
44.79309, 19.63172
44.65390, 19.88120
44.53748, 20.14065
44.39547, 20.38835
44.25208, 20.63508
44.13128, 20.89218
43.98510, 21.13709
43.83756, 21.38100
43.68867, 21.62392
43.56213, 21.87772
43.41049, 22.11875
43.25753, 22.35876
43.10324, 22.59773
42.97105, 22.84811
42.81406, 23.08514
42.65578, 23.32111
42.49620, 23.55603
42.33533, 23.78987
42.19621, 24.03577
42.03270, 24.26759
41.86793, 24.49833
41.70190, 24.72797
41.53461, 24.95651
41.36607, 25.18394
41.19630, 25.41026
41.02529, 25.63545
40.85306, 25.85951
40.67961, 26.08244
40.52718, 26.31866
40.35123, 26.53942
40.17409, 26.75903
39.99576, 26.97748
39.81624, 27.19476
39.63556, 27.41086
39.45370, 27.62578
39.27069, 27.83951
39.06499, 28.03660
38.87978, 28.24781
38.69343, 28.45782
38.50595, 28.66662
38.31735, 28.87420
38.12765, 29.08055
37.93684, 29.28568
37.74493, 29.48957
37.55194, 29.69222
37.33717, 29.87706
37.14212, 30.07709
36.94600, 30.27587
36.74884, 30.47338
36.55062, 30.66962
36.33117, 30.84743
36.13098, 31.04099
35.92978, 31.23328
35.72756, 31.42427
35.50453, 31.59635
35.30041, 31.78464
35.09531, 31.97161
34.88922, 32.15728
34.66277, 32.32356
34.45486, 32.50648
34.22681, 32.66977
34.01710, 32.84993
33.80645, 33.02875
33.57602, 33.18760
33.36363, 33.36363
33.15033, 33.53832
32.91761, 33.69269
32.70262, 33.86456
32.46845, 34.01589
32.25181, 34.18492
32.01623, 34.33321
31.79798, 34.49940
31.56104, 34.64461
31.34121, 34.80794
31.10293, 34.95008
30.86406, 35.09063
30.64200, 35.24959
30.40186, 35.38705
30.17832, 35.54311
29.93695, 35.67747
29.69504, 35.81022
29.46941, 35.96187
29.22633, 36.09151
28.98274, 36.21953
28.75509, 36.36674
28.51039, 36.49164
28.26522, 36.61492
28.01957, 36.73659
27.78942, 36.87781
27.54275, 36.99633
27.29564, 37.11323
27.04810, 37.22851
26.80014, 37.34217
26.56711, 37.47583
26.31823, 37.58633
26.06896, 37.69520
25.81932, 37.80245
25.56931, 37.90807
25.31895, 38.01206
25.06825, 38.11442
24.81721, 38.21515
24.56585, 38.31426
24.31418, 38.41173
24.06220, 38.50758
23.80994, 38.60179
23.55739, 38.69437
23.30457, 38.78533
23.05150, 38.87465
22.79817, 38.96234
22.54461, 39.04840
22.29081, 39.13283
22.03680, 39.21564
21.76973, 39.27363
21.51544, 39.35309
21.26097, 39.43094
21.00632, 39.50715
20.75151, 39.58174
20.48437, 39.63115
20.22939, 39.70242
19.97428, 39.77206
19.70728, 39.81632
19.45207, 39.88265
19.19675, 39.94735
18.92999, 39.98649
18.67464, 40.04789
18.41921, 40.10768
18.15279, 40.14170
17.89739, 40.19820
17.63130, 40.22881
17.37597, 40.28202
17.12061, 40.33363
16.85502, 40.35917
16.59979, 40.40750
16.33464, 40.42966
16.06980, 40.45010
15.81491, 40.49353
15.55056, 40.51061
15.29591, 40.55079
15.03211, 40.56452
14.76866, 40.57656
14.51450, 40.61187
14.25166, 40.62059
13.98921, 40.62762
13.73565, 40.65809
13.47386, 40.66183
13.21250, 40.66390
12.95962, 40.68956
12.69899, 40.68836
12.43881, 40.68550
12.17909, 40.68100
11.91985, 40.67485
11.66840, 40.69255
11.40999, 40.68317
11.15208, 40.67217
10.89469, 40.65955
10.63783, 40.64532
10.38150, 40.62947
10.12571, 40.61202
 9.87048, 40.59297
 9.61582, 40.57233
 9.36173, 40.55010
 9.10822, 40.52629
 8.85531, 40.50091
 8.60300, 40.47395
 8.35131, 40.44544
 8.10024, 40.41537
 7.84981, 40.38375
 7.60001, 40.35058
 7.35087, 40.31588
 7.10239, 40.27965
 6.85458, 40.24190
 6.60315, 40.17647
 6.35686, 40.13566
 6.11128, 40.09335
 5.86639, 40.04954
 5.62223, 40.00424
 5.37526, 39.93119
 5.13271, 39.88292
 4.89090, 39.83317
 4.64985, 39.78197
 4.40663, 39.70296
 4.16726, 39.64884
 3.92867, 39.59328
 3.68841, 39.50990
 3.45156, 39.45147
 3.21551, 39.39162
 2.97827, 39.30393
 2.74402, 39.24127
 2.51059, 39.17721
 2.27646, 39.08530
 2.04487, 39.01847
 1.81414, 38.95027
 1.58319, 38.85422
 1.35434, 38.78330
 1.12561, 38.68454
 0.89868, 38.61093
 0.67219, 38.50949
 0.44721, 38.43323
 0.22299, 38.32916
 0.00000, 38.25028
-0.22191, 38.14361
-0.44289, 38.06215
-0.66247, 37.95292
-0.88141, 37.86892
-1.09862, 37.75717
-1.31549, 37.67066
-1.53031, 37.55643
-1.74507, 37.46746
-1.95747, 37.35079
-2.17011, 37.25938
-2.38006, 37.14031
-2.58869, 37.02006
-2.79802, 36.92508
-3.00416, 36.80250
-3.21129, 36.70518
-3.41492, 36.58031
-3.61982, 36.48069
-3.82091, 36.35356
-4.02065, 36.22533
-4.22210, 36.12234
-4.41925, 35.99193
-4.61842, 35.88674
-4.81298, 35.75418
-5.00615, 35.62058
-5.20177, 35.51217
-5.39230, 35.37648
-5.58558, 35.26597
-5.77346, 35.12825
-5.95992, 34.98955
-6.14957, 34.87597
-6.33335, 34.73529
-6.51570, 34.59366
-6.70167, 34.47710
-6.88130, 34.33357
-7.06484, 34.21508
-7.24173, 34.06968
-7.41717, 33.92339
-7.59697, 33.80208
-7.76964, 33.65400
-7.94696, 33.53085
-8.11684, 33.38102
-8.29167, 33.25607
-8.45876, 33.10454
-8.62436, 32.95220
-8.79534, 32.82465
-8.95812, 32.67067
-9.12656, 32.54144
-9.28650, 32.38587
-9.45239, 32.25498
-9.60947, 32.09787
-9.77279, 31.96537
-9.92701, 31.80676
-10.07970, 31.64744
-10.23907, 31.51263
-10.38888, 31.35188
-10.54565, 31.21557
-10.69256, 31.05344
-10.84671, 30.91567
-10.99962, 30.77716
-11.14222, 30.61301
-11.29250, 30.47310
-11.43217, 30.30768
-11.57980, 30.16642
-11.71653, 29.99978
-11.86151, 29.85720
-12.00522, 29.71396
-12.13759, 29.54553
-12.27863, 29.40104
-12.40804, 29.23151
-12.54639, 29.08581
-12.68347, 28.93949
-12.80849, 28.76835
-12.94288, 28.62089
-13.07598, 28.47284
-13.19659, 28.30019
-13.32699, 28.15106
-13.45609, 28.00138
-13.58391, 27.85114
-13.69868, 27.67662
-13.82377, 27.52539
-13.94757, 27.37365
-14.07007, 27.22140
-14.19128, 27.06865
-14.29874, 26.89201
-14.41720, 26.73837
-14.53437, 26.58427
-14.65023, 26.42971
-14.76478, 26.27471
-14.87803, 26.11927
-14.98998, 25.96340
-15.10061, 25.80712
-15.20993, 25.65043
-15.31795, 25.49334
-15.42465, 25.33587
-15.53004, 25.17802
-15.63411, 25.01981
-15.73687, 24.86124
-15.83832, 24.70232
-15.93845, 24.54307
-16.03727, 24.38348
-16.13477, 24.22359
-16.23096, 24.06338
-16.32582, 23.90288
-16.41938, 23.74209
-16.52682, 23.60274
-16.61786, 23.44132
-16.70759, 23.27964
-16.79600, 23.11771
-16.88309, 22.95554
-16.98469, 22.81440
-17.06928, 22.65170
-17.15254, 22.48878
-17.25069, 22.34664
-17.33145, 22.18324
-17.41089, 22.01966
-17.50557, 21.87660
-17.58250, 21.71259
-17.65812, 21.54842
-17.74935, 21.40451
-17.82245, 21.23997
-17.91141, 21.09552
-17.98201, 20.93064
-18.06870, 20.78566
-18.13680, 20.62047
-18.22121, 20.47501
-18.28681, 20.30956
-18.36895, 20.16363
-18.43205, 19.99795
-18.51193, 19.85161
-18.57253, 19.68573
-18.65014, 19.53900
-18.72667, 19.39203
-18.78360, 19.22588
-18.85786, 19.07857
-18.93105, 18.93105
-19.00316, 18.78333
-19.05523, 18.61688
-19.12508, 18.46888
-19.19386, 18.32070
-19.26156, 18.17234
-19.30879, 18.00574
-19.37424, 17.85717
-19.43861, 17.70845
-19.50190, 17.55959
-19.56413, 17.41059
-19.62528, 17.26147
-19.68536, 17.11222
-19.74437, 16.96286
-19.80230, 16.81339
-19.85917, 16.66382
-19.91497, 16.51417
-19.96971, 16.36442
-20.02337, 16.21461
-20.07597, 16.06472
-20.12751, 15.91477
-20.17798, 15.76476
-20.22738, 15.61471
-20.27573, 15.46462
-20.32302, 15.31449
-20.36924, 15.16434
-20.43577, 15.02988
-20.47997, 14.87957
-20.52312, 14.72926
-20.56521, 14.57895
-20.62797, 14.44386
-20.66805, 14.29345
-20.70707, 14.14307
-20.74505, 13.99271
-20.80405, 13.85709
-20.84002, 13.70669
-20.87494, 13.55635
-20.93114, 13.42037
-20.96407, 13.27001
-21.01844, 13.13378
-21.04937, 12.98344
-21.07926, 12.83320
-21.13085, 12.69669
-21.15875, 12.54650
-21.20851, 12.40981
-21.23443, 12.25971
-21.28237, 12.12284
-21.32942, 11.98584
-21.35243, 11.83584
-21.39766, 11.69870
-21.41870, 11.54886
-21.46212, 11.41161
-21.50467, 11.27425
-21.52280, 11.12461
-21.56354, 10.98717
-21.60340, 10.84964
-21.61865, 10.70025
-21.65671, 10.56268
-21.69390, 10.42503
-21.73022, 10.28730
-21.74166, 10.13830
-21.77618, 10.00058
-21.80984,  9.86280
-21.84264,  9.72497
-21.87456,  9.58709
-21.90563,  9.44917
-21.91143,  9.30085
-21.94071,  9.16300
-21.96913,  9.02513
-21.99668,  8.88724
-22.02338,  8.74933
-22.04922,  8.61141
-22.07420,  8.47349
-22.09832,  8.33557
-22.12158,  8.19766
-22.14399,  8.05975
-22.16555,  7.92187
-22.18624,  7.78401
-22.20609,  7.64617
-22.22509,  7.50837
-22.26839,  7.37894
-22.28573,  7.24107
-22.30222,  7.10325
-22.31787,  6.96549
-22.33267,  6.82778
-22.34662,  6.69014
-22.38516,  6.56002
-22.39746,  6.42237
-22.40893,  6.28480
-22.41955,  6.14732
-22.45493,  6.01678
-22.46391,  5.87933
-22.47205,  5.74198
-22.50508,  5.61115
-22.51158,  5.47386
-22.51725,  5.33669
-22.54792,  5.20560
-22.55196,  5.06852
-22.58107,  4.93723
-22.58348,  4.80027
-22.58507,  4.66344
-22.61181,  4.53197
-22.61178,  4.39528
-22.63696,  4.26366
-22.63531,  4.12714
-22.65894,  3.99538
-22.65567,  3.85904
-22.67773,  3.72717
-22.69903,  3.59517
-22.69336,  3.45906
-22.71310,  3.32698
-22.70582,  3.19110
-22.72400,  3.05894
-22.74141,  2.92669
-22.73175,  2.79111
-22.74760,  2.65881
-22.76268,  2.52643
-22.75063,  2.39119
-22.76416,  2.25879
-22.77691,  2.12632
-22.78890,  1.99377
-22.77369,  1.85900
-22.78412,  1.72648
-22.79378,  1.59390
-22.80267,  1.46126
-22.81078,  1.32858
-22.79166,  1.19446
-22.79822,  1.06184
-22.80401,  0.92919
-22.80903,  0.79651
-22.81328,  0.66380
-22.81675,  0.53107
-22.81946,  0.39832
-22.82139,  0.26555
-22.82255,  0.13278
-22.82293,  0.00000
-22.82255, -0.13278
-22.82139, -0.26555
-22.81946, -0.39832
-22.81675, -0.53107
-22.81328, -0.66380
-22.80903, -0.79651
-22.80401, -0.92919
-22.79822, -1.06184
-22.79166, -1.19446
-22.81078, -1.32858
-22.80267, -1.46126
-22.79378, -1.59390
-22.78412, -1.72648
-22.77369, -1.85900
-22.78890, -1.99377
-22.77691, -2.12632
-22.76416, -2.25879
-22.75063, -2.39119
-22.76268, -2.52643
-22.74760, -2.65881
-22.73175, -2.79111
-22.74141, -2.92669
-22.72400, -3.05894
-22.70582, -3.19110
-22.71310, -3.32698
-22.69336, -3.45906
-22.69903, -3.59517
-22.67773, -3.72717
-22.65567, -3.85904
-22.65894, -3.99538
-22.63531, -4.12714
-22.63696, -4.26366
-22.61178, -4.39528
-22.61181, -4.53197
-22.58507, -4.66344
-22.58348, -4.80027
-22.58107, -4.93723
-22.55196, -5.06852
-22.54792, -5.20560
-22.51725, -5.33669
-22.51158, -5.47386
-22.50508, -5.61115
-22.47205, -5.74198
-22.46391, -5.87933
-22.45493, -6.01678
-22.41955, -6.14732
-22.40893, -6.28480
-22.39746, -6.42237
-22.38516, -6.56002
-22.34662, -6.69014
-22.33267, -6.82778
-22.31787, -6.96549
-22.30222, -7.10325
-22.28573, -7.24107
-22.26839, -7.37894
-22.22509, -7.50837
-22.20609, -7.64617
-22.18624, -7.78401
-22.16555, -7.92187
-22.14399, -8.05975
-22.12158, -8.19766
-22.09832, -8.33557
-22.07420, -8.47349
-22.04922, -8.61141
-22.02338, -8.74933
-21.99668, -8.88724
-21.96913, -9.02513
-21.94071, -9.16300
-21.91143, -9.30085
-21.90563, -9.44917
-21.87456, -9.58709
-21.84264, -9.72497
-21.80984, -9.86280
-21.77618, -10.00058
-21.74166, -10.13830
-21.73022, -10.28730
-21.69390, -10.42503
-21.65671, -10.56268
-21.61865, -10.70025
-21.60340, -10.84964
-21.56354, -10.98717
-21.52280, -11.12461
-21.50467, -11.27425
-21.46212, -11.41161
-21.41870, -11.54886
-21.39766, -11.69870
-21.35243, -11.83584
-21.32942, -11.98584
-21.28237, -12.12284
-21.23443, -12.25971
-21.20851, -12.40981
-21.15875, -12.54650
-21.13085, -12.69669
-21.07926, -12.83320
-21.04937, -12.98344
-21.01844, -13.13378
-20.96407, -13.27001
-20.93114, -13.42037
-20.87494, -13.55635
-20.84002, -13.70669
-20.80405, -13.85709
-20.74505, -13.99271
-20.70707, -14.14307
-20.66805, -14.29345
-20.62797, -14.44386
-20.56521, -14.57895
-20.52312, -14.72926
-20.47997, -14.87957
-20.43577, -15.02988
-20.36924, -15.16434
-20.32302, -15.31449
-20.27573, -15.46462
-20.22738, -15.61471
-20.17798, -15.76476
-20.12751, -15.91477
-20.07597, -16.06472
-20.02337, -16.21461
-19.96971, -16.36442
-19.91497, -16.51417
-19.85917, -16.66382
-19.80230, -16.81339
-19.74437, -16.96286
-19.68536, -17.11222
-19.62528, -17.26147
-19.56413, -17.41059
-19.50190, -17.55959
-19.43861, -17.70845
-19.37424, -17.85717
-19.30879, -18.00574
-19.26156, -18.17234
-19.19386, -18.32070
-19.12508, -18.46888
-19.05523, -18.61688
-19.00316, -18.78333
-18.93105, -18.93105
-18.85786, -19.07857
-18.78360, -19.22588
-18.72667, -19.39203
-18.65014, -19.53900
-18.57253, -19.68573
-18.51193, -19.85161
-18.43205, -19.99795
-18.36895, -20.16363
-18.28681, -20.30956
-18.22121, -20.47501
-18.13680, -20.62047
-18.06870, -20.78566
-17.98201, -20.93064
-17.91141, -21.09552
-17.82245, -21.23997
-17.74935, -21.40451
-17.65812, -21.54842
-17.58250, -21.71259
-17.50557, -21.87660
-17.41089, -22.01966
-17.33145, -22.18324
-17.25069, -22.34664
-17.15254, -22.48878
-17.06928, -22.65170
-16.98469, -22.81440
-16.88309, -22.95554
-16.79600, -23.11771
-16.70759, -23.27964
-16.61786, -23.44132
-16.52682, -23.60274
-16.41938, -23.74209
-16.32582, -23.90288
-16.23096, -24.06338
-16.13477, -24.22359
-16.03727, -24.38348
-15.93845, -24.54307
-15.83832, -24.70232
-15.73687, -24.86124
-15.63411, -25.01981
-15.53004, -25.17802
-15.42465, -25.33587
-15.31795, -25.49334
-15.20993, -25.65043
-15.10061, -25.80712
-14.98998, -25.96340
-14.87803, -26.11927
-14.76478, -26.27471
-14.65023, -26.42971
-14.53437, -26.58427
-14.41720, -26.73837
-14.29874, -26.89201
-14.19128, -27.06865
-14.07007, -27.22140
-13.94757, -27.37365
-13.82377, -27.52539
-13.69868, -27.67662
-13.58391, -27.85114
-13.45609, -28.00138
-13.32699, -28.15106
-13.19659, -28.30019
-13.07598, -28.47284
-12.94288, -28.62089
-12.80849, -28.76835
-12.68347, -28.93949
-12.54639, -29.08581
-12.40804, -29.23151
-12.27863, -29.40104
-12.13759, -29.54553
-12.00522, -29.71396
-11.86151, -29.85720
-11.71653, -29.99978
-11.57980, -30.16642
-11.43217, -30.30768
-11.29250, -30.47310
-11.14222, -30.61301
-10.99962, -30.77716
-10.84671, -30.91567
-10.69256, -31.05344
-10.54565, -31.21557
-10.38888, -31.35188
-10.23907, -31.51263
-10.07970, -31.64744
-9.92701, -31.80676
-9.77279, -31.96537
-9.60947, -32.09787
-9.45239, -32.25498
-9.28650, -32.38587
-9.12656, -32.54144
-8.95812, -32.67067
-8.79534, -32.82465
-8.62436, -32.95220
-8.45876, -33.10454
-8.29167, -33.25607
-8.11684, -33.38102
-7.94696, -33.53085
-7.76964, -33.65400
-7.59697, -33.80208
-7.41717, -33.92339
-7.24173, -34.06968
-7.06484, -34.21508
-6.88130, -34.33357
-6.70167, -34.47710
-6.51570, -34.59366
-6.33335, -34.73529
-6.14957, -34.87597
-5.95992, -34.98955
-5.77346, -35.12825
-5.58558, -35.26597
-5.39230, -35.37648
-5.20177, -35.51217
-5.00615, -35.62058
-4.81298, -35.75418
-4.61842, -35.88674
-4.41925, -35.99193
-4.22210, -36.12234
-4.02065, -36.22533
-3.82091, -36.35356
-3.61982, -36.48069
-3.41492, -36.58031
-3.21129, -36.70518
-3.00416, -36.80250
-2.79802, -36.92508
-2.58869, -37.02006
-2.38006, -37.14031
-2.17011, -37.25938
-1.95747, -37.35079
-1.74507, -37.46746
-1.53031, -37.55643
-1.31549, -37.67066
-1.09862, -37.75717
-0.88141, -37.86892
-0.66247, -37.95292
-0.44289, -38.06215
-0.22191, -38.14361
-0.00000, -38.25028
 0.22299, -38.32916
 0.44721, -38.43323
 0.67219, -38.50949
 0.89868, -38.61093
 1.12561, -38.68454
 1.35434, -38.78330
 1.58319, -38.85422
 1.81414, -38.95027
 2.04487, -39.01847
 2.27646, -39.08530
 2.51059, -39.17721
 2.74402, -39.24127
 2.97827, -39.30393
 3.21551, -39.39162
 3.45156, -39.45147
 3.68841, -39.50990
 3.92867, -39.59328
 4.16726, -39.64884
 4.40663, -39.70296
 4.64985, -39.78197
 4.89090, -39.83317
 5.13271, -39.88292
 5.37526, -39.93119
 5.62223, -40.00424
 5.86639, -40.04954
 6.11128, -40.09335
 6.35686, -40.13566
 6.60315, -40.17647
 6.85458, -40.24190
 7.10239, -40.27965
 7.35087, -40.31588
 7.60001, -40.35058
 7.84981, -40.38375
 8.10024, -40.41537
 8.35131, -40.44544
 8.60300, -40.47395
 8.85531, -40.50091
 9.10822, -40.52629
 9.36173, -40.55010
 9.61582, -40.57233
 9.87048, -40.59297
10.12571, -40.61202
10.38150, -40.62947
10.63783, -40.64532
10.89469, -40.65955
11.15208, -40.67217
11.40999, -40.68317
11.66840, -40.69255
11.91985, -40.67485
12.17909, -40.68100
12.43881, -40.68550
12.69899, -40.68836
12.95962, -40.68956
13.21250, -40.66390
13.47386, -40.66183
13.73565, -40.65809
13.98921, -40.62762
14.25166, -40.62059
14.51450, -40.61187
14.76866, -40.57656
15.03211, -40.56452
15.29591, -40.55079
15.55056, -40.51061
15.81491, -40.49353
16.06980, -40.45010
16.33464, -40.42966
16.59979, -40.40750
16.85502, -40.35917
17.12061, -40.33363
17.37597, -40.28202
17.63130, -40.22881
17.89739, -40.19820
18.15279, -40.14170
18.41921, -40.10768
18.67464, -40.04789
18.92999, -39.98649
19.19675, -39.94735
19.45207, -39.88265
19.70728, -39.81632
19.97428, -39.77206
20.22939, -39.70242
20.48437, -39.63115
20.75151, -39.58174
21.00632, -39.50715
21.26097, -39.43094
21.51544, -39.35309
21.76973, -39.27363
22.03680, -39.21564
22.29081, -39.13283
22.54461, -39.04840
22.79817, -38.96234
23.05150, -38.87465
23.30457, -38.78533
23.55739, -38.69437
23.80994, -38.60179
24.06220, -38.50758
24.31418, -38.41173
24.56585, -38.31426
24.81721, -38.21515
25.06825, -38.11442
25.31895, -38.01206
25.56931, -37.90807
25.81932, -37.80245
26.06896, -37.69520
26.31823, -37.58633
26.56711, -37.47583
26.80014, -37.34217
27.04810, -37.22851
27.29564, -37.11323
27.54275, -36.99633
27.78942, -36.87781
28.01957, -36.73659
28.26522, -36.61492
28.51039, -36.49164
28.75509, -36.36674
28.98274, -36.21953
29.22633, -36.09151
29.46941, -35.96187
29.69504, -35.81022
29.93695, -35.67747
30.17832, -35.54311
30.40186, -35.38705
30.64200, -35.24959
30.86406, -35.09063
31.10293, -34.95008
31.34121, -34.80794
31.56104, -34.64461
31.79798, -34.49940
32.01623, -34.33321
32.25181, -34.18492
32.46845, -34.01589
32.70262, -33.86456
32.91761, -33.69269
33.15033, -33.53832
33.36363, -33.36363
33.57602, -33.18760
33.80645, -33.02875
34.01710, -32.84993
34.22681, -32.66977
34.45486, -32.50648
34.66277, -32.32356
34.88922, -32.15728
35.09531, -31.97161
35.30041, -31.78464
35.50453, -31.59635
35.72756, -31.42427
35.92978, -31.23328
36.13098, -31.04099
36.33117, -30.84743
36.55062, -30.66962
36.74884, -30.47338
36.94600, -30.27587
37.14212, -30.07709
37.33717, -29.87706
37.55194, -29.69222
37.74493, -29.48957
37.93684, -29.28568
38.12765, -29.08055
38.31735, -28.87420
38.50595, -28.66662
38.69343, -28.45782
38.87978, -28.24781
39.06499, -28.03660
39.27069, -27.83951
39.45370, -27.62578
39.63556, -27.41086
39.81624, -27.19476
39.99576, -26.97748
40.17409, -26.75903
40.35123, -26.53942
40.52718, -26.31866
40.67961, -26.08244
40.85306, -25.85951
41.02529, -25.63545
41.19630, -25.41026
41.36607, -25.18394
41.53461, -24.95651
41.70190, -24.72797
41.86793, -24.49833
42.03270, -24.26759
42.19621, -24.03577
42.33533, -23.78987
42.49620, -23.55603
42.65578, -23.32111
42.81406, -23.08514
42.97105, -22.84811
43.10324, -22.59773
43.25753, -22.35876
43.41049, -22.11875
43.56213, -21.87772
43.68867, -21.62392
43.83756, -21.38100
43.98510, -21.13709
44.13128, -20.89218
44.25208, -20.63508
44.39547, -20.38835
44.53748, -20.14065
44.65390, -19.88120
44.79309, -19.63172
44.93088, -19.38129
45.04288, -19.11957
45.17781, -18.86741
45.31133, -18.61433
45.41885, -18.35041
45.54948, -18.09565
45.65398, -17.83035
45.78169, -17.57394
45.90795, -17.31666
46.00792, -17.04928
46.13124, -16.79040
46.22814, -16.52173
46.34849, -16.26129
46.44231, -15.99137
46.55967, -15.72939
46.65039, -15.45826
46.76474, -15.19479
46.85235, -14.92246
46.96368, -14.65754
47.04816, -14.38407
47.15644, -14.11771
47.23777, -13.84313
47.34299, -13.57538
47.42117, -13.29973
47.49774, -13.02362
47.59831, -12.75393
47.67170, -12.47680
47.76916, -12.20581
47.83936, -11.92769
47.90795, -11.64917
48.00070, -11.37637
48.06607, -11.09693
48.12982, -10.81710
48.21783, -10.54258
48.27835, -10.26188
48.33723, -9.98084
48.42047, -9.70466
48.47611, -9.42280
48.53011, -9.14062
48.58247, -8.85813
48.65928, -8.57994
48.70837, -8.29671
48.75582, -8.01320
48.82779, -7.73356
48.87196, -7.44936
48.91447, -7.16491
48.95533, -6.88022
48.99452, -6.59530
49.05836, -6.31353
49.09426, -6.02802
49.12849, -5.74230
49.16107, -5.45638
49.19198, -5.17029
49.22123, -4.88401
49.27520, -4.60004
49.30113, -4.31329
49.32539, -4.02640
49.34798, -3.73937
49.36890, -3.45221
49.38815, -3.16494
49.40572, -2.87756
49.42163, -2.59008
49.43586, -2.30251
49.47491, -2.01595
49.48580, -1.72808
49.49501, -1.44016
49.50255, -1.15218
49.50842, -0.86417
49.51261, -0.57613
49.51512, -0.28807
49.51596, -0.00000
