38.55247,  0.00000
38.55182,  0.22429
38.54986,  0.44857
38.56250,  0.67311
38.55793,  0.89745
38.55206,  1.12175
38.54488,  1.34602
38.55229,  1.57089
38.54250,  1.79515
38.53140,  2.01935
38.51900,  2.24348
38.50530,  2.46753
38.50615,  2.69261
38.48984,  2.91659
38.47222,  3.14046
38.45330,  3.36423
38.43307,  3.58788
38.42738,  3.81298
38.40454,  4.03648
38.38041,  4.25984
38.35498,  4.48305
38.32825,  4.70612
38.31600,  4.93105
38.28666,  5.15388
38.25603,  5.37653
38.22410,  5.59901
38.19088,  5.82129
38.15637,  6.04337
38.13626,  6.26784
38.09915,  6.48960
38.06075,  6.71114
38.02106,  6.93245
37.98009,  7.15353
37.93783,  7.37437
37.89428,  7.59495
37.84945,  7.81528
37.80335,  8.03535
37.77150,  8.25854
37.72281,  8.47814
37.67285,  8.69746
37.62161,  8.91649
37.56910,  9.13521
37.51532,  9.35362
37.46027,  9.57172
37.40395,  9.78949
37.34636, 10.00693
37.28751, 10.22403
37.22740, 10.44079
37.16603, 10.65719
37.10340, 10.87323
37.03952, 11.08890
36.97438, 11.30420
36.90799, 11.51912
36.84035, 11.73364
36.77146, 11.94777
36.70133, 12.16150
36.62995, 12.37481
36.55734, 12.58770
36.48349, 12.80017
36.40841, 13.01220
36.33209, 13.22380
36.25454, 13.43495
36.17577, 13.64564
36.08092, 13.85017
35.99973, 14.05984
35.91733, 14.26904
35.83370, 14.47776
35.74887, 14.68598
35.66283, 14.89371
35.57558, 15.10094
35.48712, 15.30765
35.38290, 15.50746
35.29208, 15.71305
35.20007, 15.91810
35.10687, 16.12262
35.01247, 16.32659
34.91690, 16.53000
34.80581, 16.72597
34.70791, 16.92818
34.60884, 17.12981
34.50860, 17.33087
34.39301, 17.52412
34.29048, 17.72391
34.18679, 17.92310
34.08194, 18.12169
33.96194, 18.31211
33.85483, 18.50938
33.74657, 18.70603
33.63717, 18.90204
33.51282, 19.08954
33.40119, 19.28419
33.28844, 19.47818
33.16087, 19.66340
33.04592, 19.85599
32.92984, 20.04791
32.79911, 20.23079
32.68086, 20.42127
32.56150, 20.61105
32.42765, 20.79155
32.30614, 20.97986
32.17025, 21.15871
32.04661, 21.34551
31.92189, 21.53159
31.78295, 21.70796
31.65612, 21.89250
31.51519, 22.06718
31.38628, 22.25015
31.25630, 22.43237
31.11240, 22.60448
30.98037, 22.78510
30.83453, 22.95546
30.70046, 23.13445
30.55270, 23.30302
30.41661, 23.48038
30.26696, 23.64714
30.12888, 23.82283
29.97736, 23.98777
29.83729, 24.16176
29.68392, 24.32486
29.54190, 24.49714
29.38670, 24.65837
29.24275, 24.82892
29.08574, 24.98826
28.93988, 25.15705
28.78109, 25.31448
28.63333, 25.48150
28.47278, 25.63700
28.32315, 25.80222
28.16086, 25.95578
28.00938, 26.11917
27.84539, 26.27077
27.68057, 26.42134
27.52639, 26.58193
27.35990, 26.73050
27.20393, 26.88922
27.03579, 27.03579
26.87804, 27.19262
26.70828, 27.33715
26.53774, 27.48063
26.37741, 27.63455
26.20528, 27.77597
26.04324, 27.92796
25.86955, 28.06730
25.69511, 28.20557
25.53058, 28.35458
25.35462, 28.49075
25.18844, 28.63778
25.01097, 28.77183
24.83280, 28.90479
24.66421, 29.04877
24.48458, 29.17958
24.30425, 29.30929
24.13333, 29.45019
23.95158, 29.57773
23.77909, 29.71658
23.59594, 29.84194
23.41214, 29.96617
23.23741, 30.10187
23.05225, 30.22391
22.86645, 30.34480
22.68953, 30.47732
22.50241, 30.59600
22.32403, 30.72639
22.13562, 30.84282
21.94661, 30.95811
21.76614, 31.08526
21.57587, 31.19828
21.38504, 31.31015
21.20252, 31.43403
21.01047, 31.54361
20.82660, 31.66531
20.63337, 31.77260
20.43959, 31.87871
20.25378, 31.99708
20.05886, 32.10089
19.86342, 32.20350
19.67573, 32.31852
19.47918, 32.41881
19.29025, 32.53158
19.09263, 32.62953
18.89453, 32.72628
18.70381, 32.83565
18.50468, 32.93004
18.31279, 33.03714
18.11265, 33.12917
17.91205, 33.21998
17.71849, 33.32363
17.51693, 33.41206
17.32225, 33.51340
17.11977, 33.59944
16.92401, 33.69847
16.72062, 33.78210
16.51683, 33.86451
16.31953, 33.96003
16.11488, 34.04002
15.91657, 34.13320
15.71109, 34.21077
15.51179, 34.30159
15.30550, 34.37672
15.10525, 34.46519
14.89819, 34.53788
14.69079, 34.60933
14.48919, 34.69421
14.28106, 34.76320
14.07858, 34.84570
13.86974, 34.91223
13.66640, 34.99233
13.45689, 35.05640
13.25271, 35.13409
13.04256, 35.19569
12.83758, 35.27097
12.62682, 35.33008
12.42106, 35.40294
12.21489, 35.47461
12.00321, 35.53000
11.79630, 35.59923
11.58408, 35.65213
11.37647, 35.71892
11.16373, 35.76932
10.95545, 35.83366
10.74223, 35.88155
10.53330, 35.94344
10.32401, 36.00411
10.11008, 36.04825
 9.90019, 36.10646
 9.68997, 36.16345
 9.47539, 36.20382
 9.26460, 36.25833
 9.04966, 36.29619
 8.83834, 36.34822
 8.62673, 36.39903
 8.41124, 36.43310
 8.19914, 36.48142
 7.98677, 36.52850
 7.77081, 36.55879
 7.55799, 36.60338
 7.34491, 36.64673
 7.13159, 36.68884
 6.91508, 36.71408
 6.70137, 36.75369
 6.48743, 36.79206
 6.27061, 36.81350
 6.05633, 36.84935
 5.84185, 36.88396
 5.62717, 36.91733
 5.41230, 36.94944
 5.19503, 36.96455
 4.97989, 36.99415
 4.76458, 37.02250
 4.54912, 37.04959
 4.33350, 37.07543
 4.11597, 37.08420
 3.90016, 37.10752
 3.68421, 37.12958
 3.46814, 37.15039
 3.25195, 37.16994
 3.03565, 37.18823
 2.81804, 37.18940
 2.60164, 37.20516
 2.38514, 37.21967
 2.16857, 37.23292
 1.95192, 37.24490
 1.73521, 37.25563
 1.51844, 37.26509
 1.30161, 37.27329
 1.08474, 37.28024
 0.86784, 37.28592
 0.65091, 37.29033
 0.43395, 37.29349
 0.21698, 37.29538
 0.00000, 37.29601
-0.21698, 37.29538
-0.43395, 37.29349
-0.65091, 37.29033
-0.86784, 37.28592
-1.08474, 37.28024
-1.30161, 37.27329
-1.51844, 37.26509
-1.73521, 37.25563
-1.95192, 37.24490
-2.16857, 37.23292
-2.38514, 37.21967
-2.60164, 37.20516
-2.81804, 37.18940
-3.03565, 37.18823
-3.25195, 37.16994
-3.46814, 37.15039
-3.68421, 37.12958
-3.90016, 37.10752
-4.11597, 37.08420
-4.33350, 37.07543
-4.54912, 37.04959
-4.76458, 37.02250
-4.97989, 36.99415
-5.19503, 36.96455
-5.41230, 36.94944
-5.62717, 36.91733
-5.84185, 36.88396
-6.05633, 36.84935
-6.27061, 36.81350
-6.48743, 36.79206
-6.70137, 36.75369
-6.91508, 36.71408
-7.13159, 36.68884
-7.34491, 36.64673
-7.55799, 36.60338
-7.77081, 36.55879
-7.98677, 36.52850
-8.19914, 36.48142
-8.41124, 36.43310
-8.62673, 36.39903
-8.83834, 36.34822
-9.04966, 36.29619
-9.26460, 36.25833
-9.47539, 36.20382
-9.68997, 36.16345
-9.90019, 36.10646
-10.11008, 36.04825
-10.32401, 36.00411
-10.53330, 35.94344
-10.74223, 35.88155
-10.95545, 35.83366
-11.16373, 35.76932
-11.37647, 35.71892
-11.58408, 35.65213
-11.79630, 35.59923
-12.00321, 35.53000
-12.21489, 35.47461
-12.42106, 35.40294
-12.62682, 35.33008
-12.83758, 35.27097
-13.04256, 35.19569
-13.25271, 35.13409
-13.45689, 35.05640
-13.66640, 34.99233
-13.86974, 34.91223
-14.07858, 34.84570
-14.28106, 34.76320
-14.48919, 34.69421
-14.69079, 34.60933
-14.89819, 34.53788
-15.10525, 34.46519
-15.30550, 34.37672
-15.51179, 34.30159
-15.71109, 34.21077
-15.91657, 34.13320
-16.11488, 34.04002
-16.31953, 33.96003
-16.51683, 33.86451
-16.72062, 33.78210
-16.92401, 33.69847
-17.11977, 33.59944
-17.32225, 33.51340
-17.51693, 33.41206
-17.71849, 33.32363
-17.91205, 33.21998
-18.11265, 33.12917
-18.31279, 33.03714
-18.50468, 32.93004
-18.70381, 32.83565
-18.89453, 32.72628
-19.09263, 32.62953
-19.29025, 32.53158
-19.47918, 32.41881
-19.67573, 32.31852
-19.86342, 32.20350
-20.05886, 32.10089
-20.25378, 31.99708
-20.43959, 31.87871
-20.63337, 31.77260
-20.82660, 31.66531
-21.01047, 31.54361
-21.20252, 31.43403
-21.38504, 31.31015
-21.57587, 31.19828
-21.76614, 31.08526
-21.94661, 30.95811
-22.13562, 30.84282
-22.32403, 30.72639
-22.50241, 30.59600
-22.68953, 30.47732
-22.86645, 30.34480
-23.05225, 30.22391
-23.23741, 30.10187
-23.41214, 29.96617
-23.59594, 29.84194
-23.77909, 29.71658
-23.95158, 29.57773
-24.13333, 29.45019
-24.30425, 29.30929
-24.48458, 29.17958
-24.66421, 29.04877
-24.83280, 28.90479
-25.01097, 28.77183
-25.18844, 28.63778
-25.35462, 28.49075
-25.53058, 28.35458
-25.69511, 28.20557
-25.86955, 28.06730
-26.04324, 27.92796
-26.20528, 27.77597
-26.37741, 27.63455
-26.53774, 27.48063
-26.70828, 27.33715
-26.87804, 27.19262
-27.03579, 27.03579
-27.20393, 26.88922
-27.35990, 26.73050
-27.52639, 26.58193
-27.68057, 26.42134
-27.84539, 26.27077
-28.00938, 26.11917
-28.16086, 25.95578
-28.32315, 25.80222
-28.47278, 25.63700
-28.63333, 25.48150
-28.78109, 25.31448
-28.93988, 25.15705
-29.08574, 24.98826
-29.24275, 24.82892
-29.38670, 24.65837
-29.54190, 24.49714
-29.68392, 24.32486
-29.83729, 24.16176
-29.97736, 23.98777
-30.12888, 23.82283
-30.26696, 23.64714
-30.41661, 23.48038
-30.55270, 23.30302
-30.70046, 23.13445
-30.83453, 22.95546
-30.98037, 22.78510
-31.11240, 22.60448
-31.25630, 22.43237
-31.38628, 22.25015
-31.51519, 22.06718
-31.65612, 21.89250
-31.78295, 21.70796
-31.92189, 21.53159
-32.04661, 21.34551
-32.17025, 21.15871
-32.30614, 20.97986
-32.42765, 20.79155
-32.56150, 20.61105
-32.68086, 20.42127
-32.79911, 20.23079
-32.92984, 20.04791
-33.04592, 19.85599
-33.16087, 19.66340
-33.28844, 19.47818
-33.40119, 19.28419
-33.51282, 19.08954
-33.63717, 18.90204
-33.74657, 18.70603
-33.85483, 18.50938
-33.96194, 18.31211
-34.08194, 18.12169
-34.18679, 17.92310
-34.29048, 17.72391
-34.39301, 17.52412
-34.50860, 17.33087
-34.60884, 17.12981
-34.70791, 16.92818
-34.80581, 16.72597
-34.91690, 16.53000
-35.01247, 16.32659
-35.10687, 16.12262
-35.20007, 15.91810
-35.29208, 15.71305
-35.38290, 15.50746
-35.48712, 15.30765
-35.57558, 15.10094
-35.66283, 14.89371
-35.74887, 14.68598
-35.83370, 14.47776
-35.91733, 14.26904
-35.99973, 14.05984
-36.08092, 13.85017
-36.17577, 13.64564
-36.25454, 13.43495
-36.33209, 13.22380
-36.40841, 13.01220
-36.48349, 12.80017
-36.55734, 12.58770
-36.62995, 12.37481
-36.70133, 12.16150
-36.77146, 11.94777
-36.84035, 11.73364
-36.90799, 11.51912
-36.97438, 11.30420
-37.03952, 11.08890
-37.10340, 10.87323
-37.16603, 10.65719
-37.22740, 10.44079
-37.28751, 10.22403
-37.34636, 10.00693
-37.40395,  9.78949
-37.46027,  9.57172
-37.51532,  9.35362
-37.56910,  9.13521
-37.62161,  8.91649
-37.67285,  8.69746
-37.72281,  8.47814
-37.77150,  8.25854
-37.80335,  8.03535
-37.84945,  7.81528
-37.89428,  7.59495
-37.93783,  7.37437
-37.98009,  7.15353
-38.02106,  6.93245
-38.06075,  6.71114
-38.09915,  6.48960
-38.13626,  6.26784
-38.15637,  6.04337
-38.19088,  5.82129
-38.22410,  5.59901
-38.25603,  5.37653
-38.28666,  5.15388
-38.31600,  4.93105
-38.32825,  4.70612
-38.35498,  4.48305
-38.38041,  4.25984
-38.40454,  4.03648
-38.42738,  3.81298
-38.43307,  3.58788
-38.45330,  3.36423
-38.47222,  3.14046
-38.48984,  2.91659
-38.50615,  2.69261
-38.50530,  2.46753
-38.51900,  2.24348
-38.53140,  2.01935
-38.54250,  1.79515
-38.55229,  1.57089
-38.54488,  1.34602
-38.55206,  1.12175
-38.55793,  0.89745
-38.56250,  0.67311
-38.54986,  0.44857
-38.55182,  0.22429
-38.55247,  0.00000
-38.55182, -0.22429
-38.53396, -0.44838
-38.53070, -0.67256
-38.52613, -0.89671
-38.52026, -1.12083
-38.49719, -1.34435
-38.48872, -1.56830
-38.47895, -1.79219
-38.45199, -2.01518
-38.43961, -2.23885
-38.42594, -2.46245
-38.41096, -2.68596
-38.37882, -2.90817
-38.36126, -3.13140
-38.34239, -3.35452
-38.32222, -3.57753
-38.28494, -3.79885
-38.26219, -4.02152
-38.23814, -4.24405
-38.19701, -4.46459
-38.17039, -4.68673
-38.14248, -4.90872
-38.11327, -5.13054
-38.06703, -5.34997
-38.03526, -5.57135
-38.00221, -5.79253
-37.96786, -6.01352
-37.91654, -6.23172
-37.87965, -6.45221
-37.84147, -6.67247
-37.78636, -6.88966
-37.74564, -7.10937
-37.70364, -7.32885
-37.66037, -7.54807
-37.60024, -7.76383
-37.55444, -7.98244
-37.50736, -8.20079
-37.45902, -8.41886
-37.39391, -8.63306
-37.34305, -8.85047
-37.29093, -9.06757
-37.23754, -9.28436
-37.16749, -9.49691
-37.11161, -9.71298
-37.05447, -9.92872
-36.99609, -10.14412
-36.92113, -10.35489
-36.86026, -10.56951
-36.79815, -10.78377
-36.73479, -10.99767
-36.65498, -11.20655
-36.58916, -11.41961
-36.52210, -11.63228
-36.45381, -11.84456
-36.36919, -12.05144
-36.29846, -12.26282
-36.22651, -12.47379
-36.15332, -12.68433
-36.07892, -12.89445
-35.98835, -13.09869
-35.91153, -13.30784
-35.83350, -13.51653
-35.75426, -13.72477
-35.67381, -13.93255
-35.57737, -14.13398
-35.49454, -14.34072
-35.41051, -14.54698
-35.32528, -14.75274
-35.23885, -14.95801
-35.15123, -15.16276
-35.04786, -15.36062
-34.95790, -15.56426
-34.86676, -15.76737
-34.77444, -15.96995
-34.68094, -16.17199
-34.58627, -16.37348
-34.49043, -16.57442
-34.37913, -16.76782
-34.28099, -16.96755
-34.18170, -17.16670
-34.08125, -17.36527
-33.97965, -17.56325
-33.87690, -17.76063
-33.77300, -17.95742
-33.66795, -18.15360
-33.54782, -18.34153
-33.44054, -18.53639
-33.33214, -18.73063
-33.22260, -18.92423
-33.11194, -19.11719
-33.00016, -19.30950
-32.88727, -19.50116
-32.77326, -19.69216
-32.65814, -19.88249
-32.54192, -20.07215
-32.42459, -20.26113
-32.30617, -20.44943
-32.18665, -20.63703
-32.06605, -20.82394
-31.94436, -21.01013
-31.82159, -21.19562
-31.69774, -21.38039
-31.57282, -21.56444
-31.44682, -21.74776
-31.31977, -21.93034
-31.19166, -22.11218
-31.06248, -22.29327
-30.93226, -22.47360
-30.80099, -22.65318
-30.66868, -22.83199
-30.53533, -23.01002
-30.40095, -23.18728
-30.26554, -23.36375
-30.12910, -23.53943
-29.99165, -23.71432
-29.85317, -23.88840
-29.71369, -24.06167
-29.57321, -24.23413
-29.43172, -24.40577
-29.28923, -24.57659
-29.14576, -24.74657
-29.00130, -24.91571
-28.85585, -25.08401
-28.70943, -25.25146
-28.56204, -25.41806
-28.41368, -25.58379
-28.27612, -25.75937
-28.12578, -25.92344
-27.97449, -26.08663
-27.82225, -26.24894
-27.66907, -26.41036
-27.51495, -26.57088
-27.35990, -26.73050
-27.20393, -26.88922
-27.04703, -27.04703
-26.90041, -27.21524
-26.74162, -27.37128
-26.58193, -27.52639
-26.42134, -27.68057
-26.25985, -27.83382
-26.09748, -27.98612
-25.93422, -28.13747
-25.78080, -28.29963
-25.61572, -28.44914
-25.44978, -28.59768
-25.28297, -28.74526
-25.11531, -28.89186
-24.94680, -29.03749
-24.78774, -29.19425
-24.61748, -29.33797
-24.44638, -29.48069
-24.27446, -29.62241
-24.10171, -29.76313
-23.93809, -29.91527
-23.76364, -30.05402
-23.58839, -30.19177
-23.41235, -30.32849
-23.23551, -30.46418
-23.06745, -30.61154
-22.88897, -30.74523
-22.70972, -30.87787
-22.52969, -31.00946
-22.34891, -31.14001
-22.17656, -31.28248
-21.99420, -31.41097
-21.81108, -31.53839
-21.62723, -31.66475
-21.45154, -31.80322
-21.26616, -31.92748
-21.08005, -32.05066
-20.89323, -32.17276
-20.70571, -32.29376
-20.52599, -32.42712
-20.33699, -32.54598
-20.14730, -32.66375
-19.95693, -32.78041
-19.77408, -32.90959
-19.58228, -33.02407
-19.38982, -33.13744
-19.19671, -33.24968
-19.01082, -33.37462
-18.81634, -33.48465
-18.62121, -33.59356
-18.42546, -33.70132
-18.23663, -33.82194
-18.03955, -33.92747
-17.84187, -34.03184
-17.64358, -34.13507
-17.45191, -34.25130
-17.25235, -34.35226
-17.05221, -34.45204
-16.85149, -34.55067
-16.65708, -34.66245
-16.45514, -34.75877
-16.25265, -34.85392
-16.04960, -34.94788
-15.85257, -35.05515
-15.64836, -35.14679
-15.44362, -35.23723
-15.23836, -35.32648
-15.03879, -35.42917
-14.83242, -35.51607
-14.62555, -35.60176
-14.41818, -35.68624
-14.21032, -35.76952
-14.00777, -35.86640
-13.79887, -35.94729
-13.58951, -36.02696
-13.37968, -36.10541
-13.17484, -36.19758
-12.96403, -36.27361
-12.75278, -36.34842
-12.54110, -36.42200
-12.33408, -36.50941
-12.12147, -36.58055
-11.90845, -36.65045
-11.69503, -36.71911
-11.48121, -36.78653
-11.27165, -36.86791
-11.05697, -36.93286
-10.84192, -36.99656
-10.62650, -37.05901
-10.41072, -37.12021
-10.19880, -37.19548
-9.98223, -37.25419
-9.76533, -37.31163
-9.54809, -37.36781
-9.33053, -37.42273
-9.11266, -37.47638
-8.89815, -37.54423
-8.67957, -37.59537
-8.46071, -37.64522
-8.24155, -37.69381
-8.02212, -37.74112
-7.80242, -37.78715
-7.58558, -37.84750
-7.36526, -37.89099
-7.14470, -37.93320
-6.92389, -37.97412
-6.70285, -38.01376
-6.48158, -38.05211
-6.26010, -38.08918
-6.04089, -38.14066
-5.81889, -38.17516
-5.59670, -38.20836
-5.37432, -38.24028
-5.15176, -38.27090
-4.92902, -38.30022
-4.70612, -38.32825
-4.48305, -38.35498
-4.25984, -38.38041
-4.03814, -38.42036
-3.81456, -38.44320
-3.59084, -38.46475
-3.36700, -38.48498
-3.14305, -38.50392
-2.91899, -38.52156
-2.69483, -38.53789
-2.47058, -38.55291
-2.24625, -38.56663
-2.02184, -38.57905
-1.79737, -38.59016
-1.57283, -38.59996
-1.34824, -38.60846
-1.12360, -38.61565
-0.89893, -38.62153
-0.67422, -38.62611
-0.44949, -38.62938
-0.22475, -38.63134
-0.00000, -38.63199
 0.22475, -38.63134
 0.44949, -38.62938
 0.67422, -38.62611
 0.89893, -38.62153
 1.12360, -38.61565
 1.34824, -38.60846
 1.57283, -38.59996
 1.79737, -38.59016
 2.02184, -38.57905
 2.24625, -38.56663
 2.47058, -38.55291
 2.69483, -38.53789
 2.91899, -38.52156
 3.14305, -38.50392
 3.36700, -38.48498
 3.59084, -38.46475
 3.81456, -38.44320
 4.03814, -38.42036
 4.25984, -38.38041
 4.48305, -38.35498
 4.70612, -38.32825
 4.92902, -38.30022
 5.15176, -38.27090
 5.37432, -38.24028
 5.59670, -38.20836
 5.81889, -38.17516
 6.04089, -38.14066
 6.26010, -38.08918
 6.48158, -38.05211
 6.70285, -38.01376
 6.92389, -37.97412
 7.14470, -37.93320
 7.36526, -37.89099
 7.58558, -37.84750
 7.80242, -37.78715
 8.02212, -37.74112
 8.24155, -37.69381
 8.46071, -37.64522
 8.67957, -37.59537
 8.89815, -37.54423
 9.11266, -37.47638
 9.33053, -37.42273
 9.54809, -37.36781
 9.76533, -37.31163
 9.98223, -37.25419
10.19880, -37.19548
10.41072, -37.12021
10.62650, -37.05901
10.84192, -36.99656
11.05697, -36.93286
11.27165, -36.86791
11.48121, -36.78653
11.69503, -36.71911
11.90845, -36.65045
12.12147, -36.58055
12.33408, -36.50941
12.54110, -36.42200
12.75278, -36.34842
12.96403, -36.27361
13.17484, -36.19758
13.37968, -36.10541
13.58951, -36.02696
13.79887, -35.94729
14.00777, -35.86640
14.21032, -35.76952
14.41818, -35.68624
14.62555, -35.60176
14.83242, -35.51607
15.03879, -35.42917
15.23836, -35.32648
15.44362, -35.23723
15.64836, -35.14679
15.85257, -35.05515
16.04960, -34.94788
16.25265, -34.85392
16.45514, -34.75877
16.65708, -34.66245
16.85149, -34.55067
17.05221, -34.45204
17.25235, -34.35226
17.45191, -34.25130
17.64358, -34.13507
17.84187, -34.03184
18.03955, -33.92747
18.23663, -33.82194
18.42546, -33.70132
18.62121, -33.59356
18.81634, -33.48465
19.01082, -33.37462
19.19671, -33.24968
19.38982, -33.13744
19.58228, -33.02407
19.77408, -32.90959
19.95693, -32.78041
20.14730, -32.66375
20.33699, -32.54598
20.52599, -32.42712
20.70571, -32.29376
20.89323, -32.17276
21.08005, -32.05066
21.26616, -31.92748
21.45154, -31.80322
21.62723, -31.66475
21.81108, -31.53839
21.99420, -31.41097
22.17656, -31.28248
22.34891, -31.14001
22.52969, -31.00946
22.70972, -30.87787
22.88897, -30.74523
23.06745, -30.61154
23.23551, -30.46418
23.41235, -30.32849
23.58839, -30.19177
23.76364, -30.05402
23.93809, -29.91527
24.10171, -29.76313
24.27446, -29.62241
24.44638, -29.48069
24.61748, -29.33797
24.78774, -29.19425
24.94680, -29.03749
25.11531, -28.89186
25.28297, -28.74526
25.44978, -28.59768
25.61572, -28.44914
25.78080, -28.29963
25.93422, -28.13747
26.09748, -27.98612
26.25985, -27.83382
26.42134, -27.68057
26.58193, -27.52639
26.74162, -27.37128
26.90041, -27.21524
27.04703, -27.04703
27.20393, -26.88922
27.35990, -26.73050
27.51495, -26.57088
27.66907, -26.41036
27.82225, -26.24894
27.97449, -26.08663
28.12578, -25.92344
28.27612, -25.75937
28.41368, -25.58379
28.56204, -25.41806
28.70943, -25.25146
28.85585, -25.08401
29.00130, -24.91571
29.14576, -24.74657
29.28923, -24.57659
29.43172, -24.40577
29.57321, -24.23413
29.71369, -24.06167
29.85317, -23.88840
29.99165, -23.71432
30.12910, -23.53943
30.26554, -23.36375
30.40095, -23.18728
30.53533, -23.01002
30.66868, -22.83199
30.80099, -22.65318
30.93226, -22.47360
31.06248, -22.29327
31.19166, -22.11218
31.31977, -21.93034
31.44682, -21.74776
31.57282, -21.56444
31.69774, -21.38039
31.82159, -21.19562
31.94436, -21.01013
32.06605, -20.82394
32.18665, -20.63703
32.30617, -20.44943
32.42459, -20.26113
32.54192, -20.07215
32.65814, -19.88249
32.77326, -19.69216
32.88727, -19.50116
33.00016, -19.30950
33.11194, -19.11719
33.22260, -18.92423
33.33214, -18.73063
33.44054, -18.53639
33.54782, -18.34153
33.66795, -18.15360
33.77300, -17.95742
33.87690, -17.76063
33.97965, -17.56325
34.08125, -17.36527
34.18170, -17.16670
34.28099, -16.96755
34.37913, -16.76782
34.49043, -16.57442
34.58627, -16.37348
34.68094, -16.17199
34.77444, -15.96995
34.86676, -15.76737
34.95790, -15.56426
35.04786, -15.36062
35.15123, -15.16276
35.23885, -14.95801
35.32528, -14.75274
35.41051, -14.54698
35.49454, -14.34072
35.57737, -14.13398
35.67381, -13.93255
35.75426, -13.72477
35.83350, -13.51653
35.91153, -13.30784
35.98835, -13.09869
36.07892, -12.89445
36.15332, -12.68433
36.22651, -12.47379
36.29846, -12.26282
36.36919, -12.05144
36.45381, -11.84456
36.52210, -11.63228
36.58916, -11.41961
36.65498, -11.20655
36.73479, -10.99767
36.79815, -10.78377
36.86026, -10.56951
36.92113, -10.35489
36.99609, -10.14412
37.05447, -9.92872
37.11161, -9.71298
37.16749, -9.49691
37.23754, -9.28436
37.29093, -9.06757
37.34305, -8.85047
37.39391, -8.63306
37.45902, -8.41886
37.50736, -8.20079
37.55444, -7.98244
37.60024, -7.76383
37.66037, -7.54807
37.70364, -7.32885
37.74564, -7.10937
37.78636, -6.88966
37.84147, -6.67247
37.87965, -6.45221
37.91654, -6.23172
37.96786, -6.01352
38.00221, -5.79253
38.03526, -5.57135
38.06703, -5.34997
38.11327, -5.13054
38.14248, -4.90872
38.17039, -4.68673
38.19701, -4.46459
38.23814, -4.24405
38.26219, -4.02152
38.28494, -3.79885
38.32222, -3.57753
38.34239, -3.35452
38.36126, -3.13140
38.37882, -2.90817
38.41096, -2.68596
38.42594, -2.46245
38.43961, -2.23885
38.45199, -2.01518
38.47895, -1.79219
38.48872, -1.56830
38.49719, -1.34435
38.52026, -1.12083
38.52613, -0.89671
38.53070, -0.67256
38.53396, -0.44838
38.55182, -0.22429
38.55247, -0.00000
