38.29291,  0.00000
38.28708,  0.66830
38.28993,  1.33711
38.28109,  2.00623
38.26055,  2.67544
38.22831,  3.34454
38.18437,  4.01334
38.12871,  4.68162
38.08152,  5.35201
38.00242,  6.01899
37.91164,  6.68484
37.80918,  7.34936
37.71498,  8.01657
37.58917,  8.67814
37.47149,  9.34269
37.32240, 10.00051
37.16175, 10.65596
37.00905, 11.31480
36.82531, 11.96527
36.63013, 12.61276
36.42355, 13.25709
36.22465, 13.90534
35.99533, 14.54306
35.75477, 15.17700
35.50305, 15.80698
35.24022, 16.43279
34.96636, 17.05423
34.66340, 17.66188
34.36785, 18.27371
34.06150, 18.88060
33.72680, 19.47218
33.38183, 20.05783
33.02669, 20.63736
32.66148, 21.21062
32.28633, 21.77741
31.90135, 22.33756
31.49018, 22.87895
31.06983, 23.41279
30.65649, 23.95147
30.21799, 24.47004
29.75513, 24.96752
29.29949, 25.46966
28.83539, 25.96351
28.34810, 26.43503
27.85314, 26.89746
27.35068, 27.35068
26.84090, 27.79456
26.32396, 28.22899
25.78642, 28.63872
25.25597, 29.05367
24.70581, 29.44323
24.16257, 29.83828
23.60054, 30.20731
23.03300, 30.56582
22.46014, 30.91373
21.88217, 31.25098
21.29928, 31.57749
20.71167, 31.89318
20.11954, 32.19800
19.51261, 32.47443
18.91234, 32.75713
18.30816, 33.02879
17.70027, 33.28936
17.08887, 33.53879
16.47416, 33.77703
15.84774, 33.98560
15.22736, 34.20121
14.60428, 34.40553
13.98635, 34.61742
13.35817, 34.79923
12.72792, 34.96967
12.09579, 35.12873
11.46829, 35.29576
10.83269, 35.43213
10.20144, 35.57665
 9.56845, 35.70994
 8.93392, 35.83199
 8.29804, 35.94278
 7.66103, 36.04230
 7.02307, 36.13055
 6.38436, 36.20752
 5.74830, 36.29332
 5.11118, 36.36795
 4.47321, 36.43141
 3.83459, 36.48368
 3.19550, 36.52477
 2.55615, 36.55467
 1.91673, 36.57338
 1.27814, 36.60126
 0.63917, 36.61800
 0.00000, 36.62357
-0.63917, 36.61800
-1.27814, 36.60126
-1.91673, 36.57338
-2.55615, 36.55467
-3.19550, 36.52477
-3.83459, 36.48368
-4.47321, 36.43141
-5.11118, 36.36795
-5.74830, 36.29332
-6.38436, 36.20752
-7.02307, 36.13055
-7.66103, 36.04230
-8.29804, 35.94278
-8.93392, 35.83199
-9.56845, 35.70994
-10.20144, 35.57665
-10.83269, 35.43213
-11.46829, 35.29576
-12.09579, 35.12873
-12.72792, 34.96967
-13.35817, 34.79923
-13.98635, 34.61742
-14.60428, 34.40553
-15.22736, 34.20121
-15.84774, 33.98560
-16.47416, 33.77703
-17.08887, 33.53879
-17.70027, 33.28936
-18.30816, 33.02879
-18.91234, 32.75713
-19.51261, 32.47443
-20.11954, 32.19800
-20.71167, 31.89318
-21.29928, 31.57749
-21.88217, 31.25098
-22.46014, 30.91373
-23.03300, 30.56582
-23.60054, 30.20731
-24.16257, 29.83828
-24.70581, 29.44323
-25.25597, 29.05367
-25.78642, 28.63872
-26.32396, 28.22899
-26.84090, 27.79456
-27.35068, 27.35068
-27.85314, 26.89746
-28.34810, 26.43503
-28.83539, 25.96351
-29.29949, 25.46966
-29.75513, 24.96752
-30.21799, 24.47004
-30.65649, 23.95147
-31.06983, 23.41279
-31.49018, 22.87895
-31.90135, 22.33756
-32.28633, 21.77741
-32.66148, 21.21062
-33.02669, 20.63736
-33.38183, 20.05783
-33.72680, 19.47218
-34.06150, 18.88060
-34.36785, 18.27371
-34.66340, 17.66188
-34.96636, 17.05423
-35.24022, 16.43279
-35.50305, 15.80698
-35.75477, 15.17700
-35.99533, 14.54306
-36.22465, 13.90534
-36.42355, 13.25709
-36.63013, 12.61276
-36.82531, 11.96527
-37.00905, 11.31480
-37.16175, 10.65596
-37.32240, 10.00051
-37.47149,  9.34269
-37.58917,  8.67814
-37.71498,  8.01657
-37.80918,  7.34936
-37.91164,  6.68484
-38.00242,  6.01899
-38.08152,  5.35201
-38.12871,  4.68162
-38.18437,  4.01334
-38.22831,  3.34454
-38.26055,  2.67544
-38.28109,  2.00623
-38.28993,  1.33711
-38.28708,  0.66830
-38.29291,  0.00000
-38.26672, -0.66795
-38.22889, -1.33498
-38.19977, -2.00197
-38.13870, -2.66692
-38.08635, -3.33212
-38.02240, -3.99631
-37.92665, -4.65681
-37.83961, -5.31801
-37.74103, -5.97759
-37.63096, -6.63535
-37.50942, -7.29109
-37.37646, -7.94461
-37.23212, -8.59571
-37.09619, -9.24912
-36.92912, -9.89513
-36.77037, -10.54373
-36.58075, -11.18386
-36.39936, -11.82687
-36.18741, -12.46032
-35.98356, -13.09695
-35.74951, -13.72295
-35.52344, -14.35240
-35.28629, -14.97814
-35.03811, -15.59997
-34.77896, -16.21770
-34.49063, -16.82220
-34.20992, -17.43083
-33.91848, -18.03478
-33.61637, -18.63386
-33.30367, -19.22788
-32.98048, -19.81667
-32.64687, -20.40003
-32.30294, -20.97778
-31.94879, -21.54973
-31.56783, -22.10403
-31.19372, -22.66356
-30.80969, -23.21677
-30.41585, -23.76347
-29.99649, -24.29068
-29.58359, -24.82358
-29.16122, -25.34946
-28.71436, -25.85453
-28.27366, -26.36561
-27.80921, -26.85504
-27.35068, -27.35068
-26.86918, -27.82385
-26.37950, -28.28855
-25.88177, -28.74462
-25.37617, -29.19194
-24.86283, -29.63037
-24.34193, -30.05978
-23.81360, -30.48002
-23.27803, -30.89099
-22.73536, -31.29254
-22.18577, -31.68456
-21.61803, -32.05005
-21.05539, -32.42246
-20.47554, -32.76772
-19.90055, -33.12008
-19.30932, -33.44472
-18.72268, -33.77662
-18.12079, -34.08025
-17.51401, -34.37317
-16.91145, -34.67360
-16.29513, -34.94502
-15.67449, -35.20548
-15.04973, -35.45494
-14.42866, -35.71219
-13.79591, -35.93956
-13.15961, -36.15573
-12.51997, -36.36064
-11.88349, -36.57361
-11.23743, -36.75597
-10.58862, -36.92692
-9.93728, -37.08643
-9.28852, -37.25421
-8.63235, -37.39081
-7.97424, -37.51585
-7.31828, -37.64931
-6.65656, -37.75125
-5.99670, -37.86167
-5.33218, -37.94040
-4.66921, -38.02768
-4.00483, -38.10338
-3.33745, -38.14719
-2.67118, -38.19963
-2.00410, -38.24043
-1.33640, -38.26958
-0.66830, -38.28708
-0.00000, -38.29291
 0.66830, -38.28708
 1.33640, -38.26958
 2.00410, -38.24043
 2.67118, -38.19963
 3.33745, -38.14719
 4.00483, -38.10338
 4.66921, -38.02768
 5.33218, -37.94040
 5.99670, -37.86167
 6.65656, -37.75125
 7.31828, -37.64931
 7.97424, -37.51585
 8.63235, -37.39081
 9.28852, -37.25421
 9.93728, -37.08643
10.58862, -36.92692
11.23743, -36.75597
11.88349, -36.57361
12.51997, -36.36064
13.15961, -36.15573
13.79591, -35.93956
14.42866, -35.71219
15.04973, -35.45494
15.67449, -35.20548
16.29513, -34.94502
16.91145, -34.67360
17.51401, -34.37317
18.12079, -34.08025
18.72268, -33.77662
19.30932, -33.44472
19.90055, -33.12008
20.47554, -32.76772
21.05539, -32.42246
21.61803, -32.05005
22.18577, -31.68456
22.73536, -31.29254
23.27803, -30.89099
23.81360, -30.48002
24.34193, -30.05978
24.86283, -29.63037
25.37617, -29.19194
25.88177, -28.74462
26.37950, -28.28855
26.86918, -27.82385
27.35068, -27.35068
27.80921, -26.85504
28.27366, -26.36561
28.71436, -25.85453
29.16122, -25.34946
29.58359, -24.82358
29.99649, -24.29068
30.41585, -23.76347
30.80969, -23.21677
31.19372, -22.66356
31.56783, -22.10403
31.94879, -21.54973
32.30294, -20.97778
32.64687, -20.40003
32.98048, -19.81667
33.30367, -19.22788
33.61637, -18.63386
33.91848, -18.03478
34.20992, -17.43083
34.49063, -16.82220
34.77896, -16.21770
35.03811, -15.59997
35.28629, -14.97814
35.52344, -14.35240
35.74951, -13.72295
35.98356, -13.09695
36.18741, -12.46032
36.39936, -11.82687
36.58075, -11.18386
36.77037, -10.54373
36.92912, -9.89513
37.09619, -9.24912
37.23212, -8.59571
37.37646, -7.94461
37.50942, -7.29109
37.63096, -6.63535
37.74103, -5.97759
37.83961, -5.31801
37.92665, -4.65681
38.02240, -3.99631
38.08635, -3.33212
38.13870, -2.66692
38.19977, -2.00197
38.22889, -1.33498
38.26672, -0.66795
38.29291, -0.00000
