38.61863,  0.00000
38.61798,  0.22467
38.61602,  0.44934
38.63310,  0.67434
38.62853,  0.89909
38.62264,  1.12380
38.61545,  1.34848
38.60695,  1.57311
38.59715,  1.79769
38.58604,  2.02221
38.57362,  2.24666
38.55989,  2.47103
38.54487,  2.69532
38.52853,  2.91952
38.51090,  3.14362
38.49196,  3.36761
38.49198,  3.59338
38.47043,  3.81726
38.44757,  4.04100
38.42341,  4.26461
38.39795,  4.48808
38.37119,  4.71139
38.34313,  4.93454
38.31377,  5.15753
38.28312,  5.38034
38.25117,  5.60297
38.21792,  5.82541
38.18339,  6.04765
38.14756,  6.26969
38.11044,  6.49152
38.07202,  6.71313
38.03233,  6.93450
37.99134,  7.15565
37.94907,  7.37655
37.90551,  7.59720
37.86067,  7.81760
37.81455,  8.03773
37.76715,  8.25759
37.71847,  8.47717
37.66851,  8.69646
37.61728,  8.91546
37.56477,  9.13416
37.51100,  9.35254
37.45595,  9.57061
37.39964,  9.78836
37.32240, 10.00051
37.26359, 10.21747
37.20351, 10.43409
37.14218, 10.65035
37.07959, 10.86625
37.01575, 11.08179
36.95065, 11.29695
36.88430, 11.51172
36.81670, 11.72611
36.74786, 11.94010
36.67778, 12.15369
36.58716, 12.36035
36.51463, 12.57300
36.44087, 12.78522
36.36587, 12.99700
36.28964, 13.20835
36.21219, 13.41925
36.13350, 13.62970
36.03459, 13.83238
35.95351, 14.04179
35.87121, 14.25072
35.78770, 14.45917
35.70297, 14.66713
35.61704, 14.87459
35.51116, 15.07359
35.42286, 15.27993
35.33337, 15.48575
35.24268, 15.69105
35.15080, 15.89582
35.03922, 16.09155
34.94502, 16.29513
34.84962, 16.49815
34.75305, 16.70062
34.65530, 16.90252
34.53814, 17.09482
34.43810, 17.29546
34.33690, 17.49552
34.23453, 17.69499
34.11298, 17.88440
34.00835, 18.08256
33.90258, 18.28011
33.79566, 18.47703
33.66978, 18.66347
33.56064, 18.85903
33.45035, 19.05396
33.32130, 19.23806
33.20882, 19.43159
33.09521, 19.62446
32.96303, 19.80619
32.84724, 19.99762
32.73035, 20.18838
32.61234, 20.37845
32.47603, 20.55695
32.35589, 20.74554
32.23465, 20.93343
32.09531, 21.10942
31.97196, 21.29578
31.84752, 21.48143
31.70520, 21.65486
31.57868, 21.83895
31.45109, 22.02229
31.30583, 22.19312
31.17619, 22.37487
31.02902, 22.54390
30.89734, 22.72404
30.76462, 22.90341
30.61459, 23.06975
30.47986, 23.24747
30.34410, 23.42440
30.19127, 23.58800
30.05353, 23.76325
29.89887, 23.92497
29.75918, 24.09851
29.61848, 24.27123
29.46110, 24.43014
29.31847, 24.60112
29.15934, 24.75810
29.01481, 24.92732
28.86930, 25.09570
28.70752, 25.24978
28.56014, 25.41637
28.39666, 25.56847
28.24743, 25.73324
28.08227, 25.88334
27.93122, 26.04628
27.77921, 26.20834
27.61154, 26.35545
27.45775, 26.51564
27.28846, 26.66071
27.13289, 26.81901
26.96201, 26.96201
26.80470, 27.11842
26.63225, 27.25934
26.47321, 27.41382
26.31328, 27.56737
26.13848, 27.70517
25.97686, 27.85677
25.80056, 27.99246
25.63727, 28.14209
25.45949, 28.27563
25.29456, 28.42327
25.11533, 28.55466
24.94878, 28.70029
24.76812, 28.82951
24.59998, 28.97311
24.43101, 29.11574
24.24821, 29.24171
24.07768, 29.38228
23.89352, 29.50604
23.72146, 29.64455
23.53597, 29.76608
23.36240, 29.90251
23.17560, 30.02180
23.00055, 30.15612
22.81247, 30.27317
22.63596, 30.40537
22.44662, 30.52015
22.26869, 30.65022
22.07813, 30.76271
21.89878, 30.89064
21.71870, 31.01752
21.52630, 31.12660
21.34485, 31.25131
21.15129, 31.35808
20.96850, 31.48060
20.77381, 31.58505
20.58971, 31.70537
20.39392, 31.80748
20.20853, 31.92559
20.01166, 32.02535
19.82501, 32.14124
19.63768, 32.25603
19.43921, 32.35228
19.25066, 32.46482
19.05119, 32.55870
18.86145, 32.66898
18.66099, 32.76047
18.47008, 32.86848
18.27855, 32.97538
18.07663, 33.06330
17.88397, 33.16790
17.68115, 33.25341
17.48739, 33.35571
17.28370, 33.43880
17.08887, 33.53879
16.89346, 33.63764
16.68845, 33.71710
16.49201, 33.81362
16.28619, 33.89065
16.08875, 33.98482
15.89076, 34.07785
15.68374, 34.15122
15.48479, 34.24188
15.27704, 34.31279
15.07716, 34.40109
14.87677, 34.48822
14.66792, 34.55545
14.46664, 34.64020
14.25713, 34.70494
14.05498, 34.78730
13.85236, 34.86848
13.64187, 34.92952
13.43842, 35.00829
13.23453, 35.08588
13.02311, 35.14319
12.81844, 35.21836
12.61333, 35.29234
12.40105, 35.34591
12.19521, 35.41746
11.98895, 35.48781
11.77589, 35.53763
11.56894, 35.60554
11.36160, 35.67224
11.14781, 35.71831
10.93983, 35.78256
10.73147, 35.84560
10.52275, 35.90742
10.30806, 35.94846
10.09874, 36.00783
 9.88909, 36.06597
 9.67383, 36.10323
 9.46363, 36.15889
 9.25310, 36.21334
 9.04227, 36.26656
 8.82632, 36.29877
 8.61499, 36.34950
 8.40337, 36.39901
 8.19147, 36.44728
 7.97929, 36.49432
 7.76261, 36.52021
 7.55001, 36.56475
 7.33716, 36.60806
 7.12406, 36.65012
 6.90695, 36.67094
 6.69349, 36.71051
 6.47981, 36.74883
 6.26591, 36.78590
 6.05179, 36.82173
 5.83747, 36.85632
 5.61988, 36.86953
 5.40529, 36.90160
 5.19051, 36.93242
 4.97556, 36.96199
 4.76044, 36.99032
 4.54516, 37.01738
 4.32973, 37.04320
 4.11190, 37.04753
 3.89630, 37.07082
 3.68057, 37.09286
 3.46471, 37.11365
 3.24873, 37.13318
 3.03265, 37.15145
 2.81646, 37.16846
 2.60017, 37.18422
 2.38380, 37.19872
 2.16735, 37.21196
 1.95082, 37.22394
 1.73423, 37.23466
 1.51675, 37.22377
 1.30017, 37.23197
 1.08354, 37.23890
 0.86688, 37.24458
 0.65018, 37.24899
 0.43347, 37.25214
 0.21674, 37.25403
 0.00000, 37.25466
-0.21674, 37.25403
-0.43347, 37.25214
-0.65018, 37.24899
-0.86688, 37.24458
-1.08354, 37.23890
-1.30017, 37.23197
-1.51675, 37.22377
-1.73423, 37.23466
-1.95082, 37.22394
-2.16735, 37.21196
-2.38380, 37.19872
-2.60017, 37.18422
-2.81646, 37.16846
-3.03265, 37.15145
-3.24873, 37.13318
-3.46471, 37.11365
-3.68057, 37.09286
-3.89630, 37.07082
-4.11190, 37.04753
-4.32973, 37.04320
-4.54516, 37.01738
-4.76044, 36.99032
-4.97556, 36.96199
-5.19051, 36.93242
-5.40529, 36.90160
-5.61988, 36.86953
-5.83747, 36.85632
-6.05179, 36.82173
-6.26591, 36.78590
-6.47981, 36.74883
-6.69349, 36.71051
-6.90695, 36.67094
-7.12406, 36.65012
-7.33716, 36.60806
-7.55001, 36.56475
-7.76261, 36.52021
-7.97929, 36.49432
-8.19147, 36.44728
-8.40337, 36.39901
-8.61499, 36.34950
-8.82632, 36.29877
-9.04227, 36.26656
-9.25310, 36.21334
-9.46363, 36.15889
-9.67383, 36.10323
-9.88909, 36.06597
-10.09874, 36.00783
-10.30806, 35.94846
-10.52275, 35.90742
-10.73147, 35.84560
-10.93983, 35.78256
-11.14781, 35.71831
-11.36160, 35.67224
-11.56894, 35.60554
-11.77589, 35.53763
-11.98895, 35.48781
-12.19521, 35.41746
-12.40105, 35.34591
-12.61333, 35.29234
-12.81844, 35.21836
-13.02311, 35.14319
-13.23453, 35.08588
-13.43842, 35.00829
-13.64187, 34.92952
-13.85236, 34.86848
-14.05498, 34.78730
-14.25713, 34.70494
-14.46664, 34.64020
-14.66792, 34.55545
-14.87677, 34.48822
-15.07716, 34.40109
-15.27704, 34.31279
-15.48479, 34.24188
-15.68374, 34.15122
-15.89076, 34.07785
-16.08875, 33.98482
-16.28619, 33.89065
-16.49201, 33.81362
-16.68845, 33.71710
-16.89346, 33.63764
-17.08887, 33.53879
-17.28370, 33.43880
-17.48739, 33.35571
-17.68115, 33.25341
-17.88397, 33.16790
-18.07663, 33.06330
-18.27855, 32.97538
-18.47008, 32.86848
-18.66099, 32.76047
-18.86145, 32.66898
-19.05119, 32.55870
-19.25066, 32.46482
-19.43921, 32.35228
-19.63768, 32.25603
-19.82501, 32.14124
-20.01166, 32.02535
-20.20853, 31.92559
-20.39392, 31.80748
-20.58971, 31.70537
-20.77381, 31.58505
-20.96850, 31.48060
-21.15129, 31.35808
-21.34485, 31.25131
-21.52630, 31.12660
-21.71870, 31.01752
-21.89878, 30.89064
-22.07813, 30.76271
-22.26869, 30.65022
-22.44662, 30.52015
-22.63596, 30.40537
-22.81247, 30.27317
-23.00055, 30.15612
-23.17560, 30.02180
-23.36240, 29.90251
-23.53597, 29.76608
-23.72146, 29.64455
-23.89352, 29.50604
-24.07768, 29.38228
-24.24821, 29.24171
-24.43101, 29.11574
-24.59998, 28.97311
-24.76812, 28.82951
-24.94878, 28.70029
-25.11533, 28.55466
-25.29456, 28.42327
-25.45949, 28.27563
-25.63727, 28.14209
-25.80056, 27.99246
-25.97686, 27.85677
-26.13848, 27.70517
-26.31328, 27.56737
-26.47321, 27.41382
-26.63225, 27.25934
-26.80470, 27.11842
-26.96201, 26.96201
-27.13289, 26.81901
-27.28846, 26.66071
-27.45775, 26.51564
-27.61154, 26.35545
-27.77921, 26.20834
-27.93122, 26.04628
-28.08227, 25.88334
-28.24743, 25.73324
-28.39666, 25.56847
-28.56014, 25.41637
-28.70752, 25.24978
-28.86930, 25.09570
-29.01481, 24.92732
-29.15934, 24.75810
-29.31847, 24.60112
-29.46110, 24.43014
-29.61848, 24.27123
-29.75918, 24.09851
-29.89887, 23.92497
-30.05353, 23.76325
-30.19127, 23.58800
-30.34410, 23.42440
-30.47986, 23.24747
-30.61459, 23.06975
-30.76462, 22.90341
-30.89734, 22.72404
-31.02902, 22.54390
-31.17619, 22.37487
-31.30583, 22.19312
-31.45109, 22.02229
-31.57868, 21.83895
-31.70520, 21.65486
-31.84752, 21.48143
-31.97196, 21.29578
-32.09531, 21.10942
-32.23465, 20.93343
-32.35589, 20.74554
-32.47603, 20.55695
-32.61234, 20.37845
-32.73035, 20.18838
-32.84724, 19.99762
-32.96303, 19.80619
-33.09521, 19.62446
-33.20882, 19.43159
-33.32130, 19.23806
-33.45035, 19.05396
-33.56064, 18.85903
-33.66978, 18.66347
-33.79566, 18.47703
-33.90258, 18.28011
-34.00835, 18.08256
-34.11298, 17.88440
-34.23453, 17.69499
-34.33690, 17.49552
-34.43810, 17.29546
-34.53814, 17.09482
-34.65530, 16.90252
-34.75305, 16.70062
-34.84962, 16.49815
-34.94502, 16.29513
-35.03922, 16.09155
-35.15080, 15.89582
-35.24268, 15.69105
-35.33337, 15.48575
-35.42286, 15.27993
-35.51116, 15.07359
-35.61704, 14.87459
-35.70297, 14.66713
-35.78770, 14.45917
-35.87121, 14.25072
-35.95351, 14.04179
-36.03459, 13.83238
-36.13350, 13.62970
-36.21219, 13.41925
-36.28964, 13.20835
-36.36587, 12.99700
-36.44087, 12.78522
-36.51463, 12.57300
-36.58716, 12.36035
-36.67778, 12.15369
-36.74786, 11.94010
-36.81670, 11.72611
-36.88430, 11.51172
-36.95065, 11.29695
-37.01575, 11.08179
-37.07959, 10.86625
-37.14218, 10.65035
-37.20351, 10.43409
-37.26359, 10.21747
-37.32240, 10.00051
-37.39964,  9.78836
-37.45595,  9.57061
-37.51100,  9.35254
-37.56477,  9.13416
-37.61728,  8.91546
-37.66851,  8.69646
-37.71847,  8.47717
-37.76715,  8.25759
-37.81455,  8.03773
-37.86067,  7.81760
-37.90551,  7.59720
-37.94907,  7.37655
-37.99134,  7.15565
-38.03233,  6.93450
-38.07202,  6.71313
-38.11044,  6.49152
-38.14756,  6.26969
-38.18339,  6.04765
-38.21792,  5.82541
-38.25117,  5.60297
-38.28312,  5.38034
-38.31377,  5.15753
-38.34313,  4.93454
-38.37119,  4.71139
-38.39795,  4.48808
-38.42341,  4.26461
-38.44757,  4.04100
-38.47043,  3.81726
-38.49198,  3.59338
-38.49196,  3.36761
-38.51090,  3.14362
-38.52853,  2.91952
-38.54487,  2.69532
-38.55989,  2.47103
-38.57362,  2.24666
-38.58604,  2.02221
-38.59715,  1.79769
-38.60695,  1.57311
-38.61545,  1.34848
-38.62264,  1.12380
-38.62853,  0.89909
-38.63310,  0.67434
-38.61602,  0.44934
-38.61798,  0.22467
-38.61863,  0.00000
-38.61798, -0.22467
-38.61602, -0.44934
-38.61275, -0.67399
-38.60818, -0.89862
-38.60229, -1.12321
-38.59511, -1.34777
-38.56627, -1.57146
-38.55648, -1.79580
-38.54538, -2.02008
-38.53297, -2.24429
-38.51926, -2.46843
-38.50425, -2.69248
-38.48793, -2.91644
-38.47032, -3.14030
-38.43112, -3.36229
-38.41090, -3.58581
-38.38939, -3.80922
-38.36658, -4.03249
-38.34247, -4.25563
-38.31707, -4.47862
-38.29036, -4.70147
-38.24217, -4.92155
-38.21289, -5.14395
-38.18232, -5.36617
-38.15045, -5.58822
-38.11730, -5.81007
-38.08285, -6.03173
-38.04712, -6.25318
-37.99002, -6.47101
-37.95173, -6.69191
-37.91216, -6.91259
-37.87130, -7.13304
-37.82916, -7.35324
-37.78574, -7.57320
-37.74105, -7.79290
-37.67516, -8.00810
-37.62793, -8.22715
-37.57943, -8.44592
-37.52966, -8.66440
-37.47862, -8.88260
-37.42631, -9.10049
-37.37273, -9.31807
-37.29816, -9.53029
-37.24209, -9.74712
-37.18475, -9.96362
-37.12615, -10.17979
-37.06630, -10.39560
-37.00520, -10.61107
-36.92330, -10.82045
-36.85973, -11.03508
-36.79490, -11.24933
-36.72884, -11.46320
-36.66152, -11.67669
-36.59297, -11.88978
-36.52318, -12.10246
-36.43287, -12.30823
-36.36064, -12.51997
-36.28719, -12.73130
-36.21251, -12.94219
-36.13660, -13.15265
-36.05947, -13.36266
-35.98112, -13.57222
-35.90155, -13.78132
-35.80181, -13.98254
-35.71985, -14.19059
-35.63669, -14.39816
-35.55233, -14.60524
-35.46675, -14.81183
-35.37998, -15.01791
-35.29201, -15.22349
-35.20285, -15.42855
-35.09390, -15.62481
-35.00240, -15.82871
-34.90972, -16.03208
-34.81586, -16.23490
-34.72082, -16.43718
-34.62461, -16.63890
-34.52722, -16.84005
-34.42867, -17.04064
-34.32895, -17.24064
-34.20992, -17.43083
-34.10794, -17.62956
-34.00480, -17.82769
-33.90050, -18.02522
-33.79507, -18.22214
-33.68848, -18.41844
-33.58076, -18.61412
-33.47190, -18.80917
-33.36190, -19.00358
-33.25078, -19.19735
-33.12096, -19.38019
-33.00765, -19.57255
-32.89323, -19.76425
-32.77769, -19.95528
-32.66104, -20.14563
-32.54328, -20.33530
-32.42443, -20.52429
-32.30448, -20.71257
-32.18343, -20.90016
-32.06129, -21.08704
-31.93807, -21.27321
-31.81377, -21.45866
-31.68839, -21.64338
-31.56194, -21.82737
-31.43442, -22.01062
-31.28923, -22.18135
-31.15965, -22.36300
-31.02902, -22.54390
-30.89734, -22.72404
-30.76462, -22.90341
-30.63085, -23.08200
-30.49605, -23.25981
-30.36021, -23.43684
-30.22335, -23.61307
-30.08546, -23.78850
-29.94656, -23.96313
-29.80664, -24.13694
-29.66571, -24.30994
-29.52378, -24.48212
-29.38085, -24.65346
-29.23693, -24.82398
-29.09202, -24.99365
-28.94612, -25.16248
-28.79924, -25.33045
-28.65139, -25.49757
-28.50256, -25.66382
-28.35277, -25.82921
-28.20203, -25.99372
-28.05033, -26.15735
-27.89767, -26.32010
-27.74408, -26.48195
-27.58954, -26.64291
-27.43408, -26.80297
-27.27768, -26.96212
-27.12036, -27.12036
-26.96212, -27.27768
-26.80297, -27.43408
-26.64291, -27.58954
-26.48195, -27.74408
-26.32010, -27.89767
-26.15735, -28.05033
-25.99372, -28.20203
-25.82921, -28.35277
-25.66382, -28.50256
-25.49757, -28.65139
-25.33045, -28.79924
-25.16248, -28.94612
-24.99365, -29.09202
-24.82398, -29.23693
-24.65346, -29.38085
-24.49511, -29.53945
-24.32284, -29.68146
-24.14975, -29.82246
-23.97585, -29.96245
-23.80113, -30.10143
-23.62560, -30.23939
-23.44928, -30.37633
-23.27216, -30.51223
-23.09425, -30.64711
-22.91557, -30.78095
-22.73610, -30.91374
-22.55587, -31.04549
-22.37487, -31.17619
-22.19312, -31.30583
-22.01062, -31.43442
-21.82737, -31.56194
-21.64338, -31.68839
-21.47004, -31.83065
-21.28450, -31.95501
-21.09823, -32.07830
-20.91125, -32.20050
-20.72356, -32.32161
-20.53517, -32.44163
-20.34609, -32.56055
-20.15632, -32.67837
-19.96586, -32.79508
-19.77473, -32.91068
-19.58293, -33.02517
-19.39047, -33.13853
-19.20753, -33.26841
-19.01366, -33.37959
-18.81914, -33.48965
-18.62399, -33.59856
-18.42821, -33.70634
-18.23180, -33.81298
-18.03478, -33.91848
-17.83714, -34.02283
-17.63890, -34.12602
-17.44007, -34.22806
-17.24064, -34.32895
-17.04064, -34.42867
-16.84898, -34.54552
-16.64771, -34.64296
-16.44589, -34.73922
-16.24351, -34.83431
-16.04058, -34.92822
-15.83710, -35.02095
-15.63309, -35.11250
-15.42855, -35.20285
-15.22349, -35.29201
-15.01791, -35.37998
-14.81183, -35.46675
-14.61298, -35.57116
-14.40578, -35.65557
-14.19811, -35.73877
-13.98995, -35.82077
-13.78132, -35.90155
-13.57222, -35.98112
-13.36266, -36.05947
-13.15265, -36.13660
-12.94219, -36.21251
-12.73130, -36.28719
-12.51997, -36.36064
-12.30823, -36.43287
-12.10246, -36.52318
-11.88978, -36.59297
-11.67669, -36.66152
-11.46320, -36.72884
-11.24933, -36.79490
-11.03508, -36.85973
-10.82045, -36.92330
-10.60546, -36.98563
-10.39011, -37.04670
-10.17440, -37.10652
-9.95835, -37.16509
-9.74197, -37.22239
-9.52525, -37.27844
-9.31314, -37.35297
-9.09568, -37.40652
-8.87790, -37.45881
-8.65982, -37.50982
-8.44146, -37.55957
-8.22280, -37.60804
-8.00387, -37.65524
-7.78467, -37.70117
-7.56520, -37.74582
-7.34548, -37.78920
-7.12550, -37.83129
-6.90529, -37.87210
-6.68484, -37.91164
-6.46417, -37.94989
-6.24328, -37.98685
-6.02218, -38.02253
-5.80087, -38.05692
-5.57937, -38.09003
-5.36051, -38.14200
-5.13852, -38.17254
-4.91635, -38.20179
-4.69402, -38.22974
-4.47153, -38.25641
-4.24889, -38.28177
-4.02611, -38.30584
-3.80319, -38.32862
-3.58014, -38.35010
-3.35696, -38.37027
-3.13368, -38.38916
-2.91029, -38.40674
-2.68680, -38.42302
-2.46322, -38.43800
-2.23956, -38.45168
-2.01582, -38.46406
-1.79201, -38.47513
-1.56814, -38.48491
-1.34422, -38.49338
-1.12025, -38.50055
-0.89625, -38.50641
-0.67221, -38.51098
-0.44815, -38.51424
-0.22408, -38.51619
-0.00000, -38.51684
 0.22408, -38.51619
 0.44815, -38.51424
 0.67221, -38.51098
 0.89625, -38.50641
 1.12025, -38.50055
 1.34422, -38.49338
 1.56814, -38.48491
 1.79201, -38.47513
 2.01582, -38.46406
 2.23956, -38.45168
 2.46322, -38.43800
 2.68680, -38.42302
 2.91029, -38.40674
 3.13368, -38.38916
 3.35696, -38.37027
 3.58014, -38.35010
 3.80319, -38.32862
 4.02611, -38.30584
 4.24889, -38.28177
 4.47153, -38.25641
 4.69402, -38.22974
 4.91635, -38.20179
 5.13852, -38.17254
 5.36051, -38.14200
 5.57937, -38.09003
 5.80087, -38.05692
 6.02218, -38.02253
 6.24328, -37.98685
 6.46417, -37.94989
 6.68484, -37.91164
 6.90529, -37.87210
 7.12550, -37.83129
 7.34548, -37.78920
 7.56520, -37.74582
 7.78467, -37.70117
 8.00387, -37.65524
 8.22280, -37.60804
 8.44146, -37.55957
 8.65982, -37.50982
 8.87790, -37.45881
 9.09568, -37.40652
 9.31314, -37.35297
 9.52525, -37.27844
 9.74197, -37.22239
 9.95835, -37.16509
10.17440, -37.10652
10.39011, -37.04670
10.60546, -36.98563
10.82045, -36.92330
11.03508, -36.85973
11.24933, -36.79490
11.46320, -36.72884
11.67669, -36.66152
11.88978, -36.59297
12.10246, -36.52318
12.30823, -36.43287
12.51997, -36.36064
12.73130, -36.28719
12.94219, -36.21251
13.15265, -36.13660
13.36266, -36.05947
13.57222, -35.98112
13.78132, -35.90155
13.98995, -35.82077
14.19811, -35.73877
14.40578, -35.65557
14.61298, -35.57116
14.81183, -35.46675
15.01791, -35.37998
15.22349, -35.29201
15.42855, -35.20285
15.63309, -35.11250
15.83710, -35.02095
16.04058, -34.92822
16.24351, -34.83431
16.44589, -34.73922
16.64771, -34.64296
16.84898, -34.54552
17.04064, -34.42867
17.24064, -34.32895
17.44007, -34.22806
17.63890, -34.12602
17.83714, -34.02283
18.03478, -33.91848
18.23180, -33.81298
18.42821, -33.70634
18.62399, -33.59856
18.81914, -33.48965
19.01366, -33.37959
19.20753, -33.26841
19.39047, -33.13853
19.58293, -33.02517
19.77473, -32.91068
19.96586, -32.79508
20.15632, -32.67837
20.34609, -32.56055
20.53517, -32.44163
20.72356, -32.32161
20.91125, -32.20050
21.09823, -32.07830
21.28450, -31.95501
21.47004, -31.83065
21.64338, -31.68839
21.82737, -31.56194
22.01062, -31.43442
22.19312, -31.30583
22.37487, -31.17619
22.55587, -31.04549
22.73610, -30.91374
22.91557, -30.78095
23.09425, -30.64711
23.27216, -30.51223
23.44928, -30.37633
23.62560, -30.23939
23.80113, -30.10143
23.97585, -29.96245
24.14975, -29.82246
24.32284, -29.68146
24.49511, -29.53945
24.65346, -29.38085
24.82398, -29.23693
24.99365, -29.09202
25.16248, -28.94612
25.33045, -28.79924
25.49757, -28.65139
25.66382, -28.50256
25.82921, -28.35277
25.99372, -28.20203
26.15735, -28.05033
26.32010, -27.89767
26.48195, -27.74408
26.64291, -27.58954
26.80297, -27.43408
26.96212, -27.27768
27.12036, -27.12036
27.27768, -26.96212
27.43408, -26.80297
27.58954, -26.64291
27.74408, -26.48195
27.89767, -26.32010
28.05033, -26.15735
28.20203, -25.99372
28.35277, -25.82921
28.50256, -25.66382
28.65139, -25.49757
28.79924, -25.33045
28.94612, -25.16248
29.09202, -24.99365
29.23693, -24.82398
29.38085, -24.65346
29.52378, -24.48212
29.66571, -24.30994
29.80664, -24.13694
29.94656, -23.96313
30.08546, -23.78850
30.22335, -23.61307
30.36021, -23.43684
30.49605, -23.25981
30.63085, -23.08200
30.76462, -22.90341
30.89734, -22.72404
31.02902, -22.54390
31.15965, -22.36300
31.28923, -22.18135
31.43442, -22.01062
31.56194, -21.82737
31.68839, -21.64338
31.81377, -21.45866
31.93807, -21.27321
32.06129, -21.08704
32.18343, -20.90016
32.30448, -20.71257
32.42443, -20.52429
32.54328, -20.33530
32.66104, -20.14563
32.77769, -19.95528
32.89323, -19.76425
33.00765, -19.57255
33.12096, -19.38019
33.25078, -19.19735
33.36190, -19.00358
33.47190, -18.80917
33.58076, -18.61412
33.68848, -18.41844
33.79507, -18.22214
33.90050, -18.02522
34.00480, -17.82769
34.10794, -17.62956
34.20992, -17.43083
34.32895, -17.24064
34.42867, -17.04064
34.52722, -16.84005
34.62461, -16.63890
34.72082, -16.43718
34.81586, -16.23490
34.90972, -16.03208
35.00240, -15.82871
35.09390, -15.62481
35.20285, -15.42855
35.29201, -15.22349
35.37998, -15.01791
35.46675, -14.81183
35.55233, -14.60524
35.63669, -14.39816
35.71985, -14.19059
35.80181, -13.98254
35.90155, -13.78132
35.98112, -13.57222
36.05947, -13.36266
36.13660, -13.15265
36.21251, -12.94219
36.28719, -12.73130
36.36064, -12.51997
36.43287, -12.30823
36.52318, -12.10246
36.59297, -11.88978
36.66152, -11.67669
36.72884, -11.46320
36.79490, -11.24933
36.85973, -11.03508
36.92330, -10.82045
37.00520, -10.61107
37.06630, -10.39560
37.12615, -10.17979
37.18475, -9.96362
37.24209, -9.74712
37.29816, -9.53029
37.37273, -9.31807
37.42631, -9.10049
37.47862, -8.88260
37.52966, -8.66440
37.57943, -8.44592
37.62793, -8.22715
37.67516, -8.00810
37.74105, -7.79290
37.78574, -7.57320
37.82916, -7.35324
37.87130, -7.13304
37.91216, -6.91259
37.95173, -6.69191
37.99002, -6.47101
38.04712, -6.25318
38.08285, -6.03173
38.11730, -5.81007
38.15045, -5.58822
38.18232, -5.36617
38.21289, -5.14395
38.24217, -4.92155
38.29036, -4.70147
38.31707, -4.47862
38.34247, -4.25563
38.36658, -4.03249
38.38939, -3.80922
38.41090, -3.58581
38.43112, -3.36229
38.47032, -3.14030
38.48793, -2.91644
38.50425, -2.69248
38.51926, -2.46843
38.53297, -2.24429
38.54538, -2.02008
38.55648, -1.79580
38.56627, -1.57146
38.59511, -1.34777
38.60229, -1.12321
38.60818, -0.89862
38.61275, -0.67399
38.61602, -0.44934
38.61798, -0.22467
38.61863, -0.00000
