60.94068,  0.00000
60.93140,  1.06356
60.87707,  2.12587
60.80422,  3.18661
60.68646,  4.24361
60.55034,  5.29747
60.36958,  6.34510
60.17072,  7.38804
59.95387,  8.42597
59.66678,  9.45029
59.38834, 10.47177
59.06644, 11.48135
58.70149, 12.47739
58.31982, 13.46419
57.89592, 14.43507
57.45594, 15.39527
56.97466, 16.33722
56.45272, 17.25933
55.91601, 18.16821
55.36485, 19.06365
54.77462, 19.93633
54.14613, 20.78475
53.50478, 21.61734
52.82656, 22.42354
52.13658, 23.21270
51.41121, 23.97344
50.65144, 24.70436
49.88192, 25.41611
49.10308, 26.10857
48.26900, 26.75594
47.45035, 27.39547
46.57875, 27.98733
45.70105, 28.55719
44.81777, 29.10500
43.90743, 29.61594
42.99303, 30.10404
42.05364, 30.55376
41.11177, 30.97994
40.16796, 31.38265
39.20213, 31.74526
38.23601, 32.08383
37.27014, 32.39844
36.28536, 32.67148
35.32191, 32.93821
34.34125, 33.16296
33.36363, 33.36363
32.38959, 33.54040
31.41966, 33.69346
30.45436, 33.82300
29.49423, 33.92923
28.55682, 34.03269
27.60820, 34.09329
26.68260, 34.15216
25.74749, 34.16807
24.83564, 34.18332
23.94640, 34.19900
23.04944, 34.17220
22.17524, 34.14687
21.30903, 34.10157
20.45123, 34.03657
19.61553, 33.97509
18.78828, 33.89495
17.98231, 33.81981
17.18475, 33.72698
16.39598, 33.61673
15.62755, 33.51338
14.85699, 33.36935
14.11699, 33.25755
13.38547, 33.13020
12.66274, 32.98756
11.94911, 32.82990
11.25351, 32.68255
10.57492, 32.54625
 9.89679, 32.37096
 9.23535, 32.20750
 8.58952, 32.05652
 7.95180, 31.89291
 7.32242, 31.71689
 6.70164, 31.52872
 6.09473, 31.35465
 5.49595, 31.16909
 4.90967, 30.99845
 4.33104, 30.81692
 3.76024, 30.62471
 3.20026, 30.44841
 2.64758, 30.26197
 2.10239, 30.06558
 1.56487, 29.85945
 1.03611, 29.67028
 0.51443, 29.47182
 0.00000, 29.29076
-0.50749, 29.07427
-1.00836, 28.87554
-1.50383, 28.69472
-1.99145, 28.47901
-2.47431, 28.28147
-2.95089, 28.07581
-3.42428, 27.88848
-3.88834, 27.66698
-4.34987, 27.46400
-4.80551, 27.25337
-5.25512, 27.03525
-5.70411, 26.83571
-6.14773, 26.62876
-6.58588, 26.41453
-7.01843, 26.19315
-7.45258, 25.99023
-7.88179, 25.78016
-8.30594, 25.56305
-8.72492, 25.33900
-9.13862, 25.10815
-9.55643, 24.89534
-9.96959, 24.67561
-10.37801, 24.44906
-10.78156, 24.21578
-11.19134, 23.99991
-11.58525, 23.75328
-11.98600, 23.52386
-12.38228, 23.28769
-12.78682, 23.06804
-13.17421, 22.81841
-13.57044, 22.58501
-13.96254, 22.34473
-14.35038, 22.09765
-14.73385, 21.84384
-15.11284, 21.58337
-15.50280, 21.33777
-15.88879, 21.08513
-16.27067, 20.82551
-16.64833, 20.55898
-17.03868, 20.30590
-17.40786, 20.02545
-17.79017, 19.75799
-18.16844, 19.48327
-18.54253, 19.20136
-18.93105, 18.93105
-19.29669, 18.63460
-19.67713, 18.34922
-20.05347, 18.05623
-20.42556, 17.75567
-20.79324, 17.44760
-21.17698, 17.14878
-21.55660, 16.84186
-21.91075, 16.51094
-22.28135, 16.18835
-22.66905, 15.87304
-23.03052, 15.53428
-23.38705, 15.18773
-23.76095, 14.84749
-24.13006, 14.49880
-24.49421, 14.14174
-24.85320, 13.77636
-25.20687, 13.40273
-25.55503, 13.02094
-25.92134, 12.64268
-26.25815, 12.24438
-26.61314, 11.84894
-26.96228, 11.44481
-27.28080, 11.02216
-27.61749, 10.60136
-27.94776, 10.17215
-28.27141,  9.73463
-28.58826,  9.28889
-28.87276,  8.82729
-29.17531,  8.36589
-29.47050,  7.89660
-29.73242,  7.41313
-29.98641,  6.92291
-30.23231,  6.42608
-30.46995,  5.92276
-30.69920,  5.41310
-30.89372,  4.89309
-31.07941,  4.36793
-31.25615,  3.83777
-31.39745,  3.30001
-31.52949,  2.75847
-31.62571,  2.21149
-31.71243,  1.66198
-31.76310,  1.10919
-31.80412,  0.55514
-31.80897,  0.00000
-31.80412, -0.55514
-31.76310, -1.10919
-31.71243, -1.66198
-31.62571, -2.21149
-31.52949, -2.75847
-31.39745, -3.30001
-31.25615, -3.83777
-31.07941, -4.36793
-30.89372, -4.89309
-30.69920, -5.41310
-30.46995, -5.92276
-30.23231, -6.42608
-29.98641, -6.92291
-29.73242, -7.41313
-29.47050, -7.89660
-29.17531, -8.36589
-28.87276, -8.82729
-28.58826, -9.28889
-28.27141, -9.73463
-27.94776, -10.17215
-27.61749, -10.60136
-27.28080, -11.02216
-26.96228, -11.44481
-26.61314, -11.84894
-26.25815, -12.24438
-25.92134, -12.64268
-25.55503, -13.02094
-25.20687, -13.40273
-24.85320, -13.77636
-24.49421, -14.14174
-24.13006, -14.49880
-23.76095, -14.84749
-23.38705, -15.18773
-23.03052, -15.53428
-22.66905, -15.87304
-22.28135, -16.18835
-21.91075, -16.51094
-21.55660, -16.84186
-21.17698, -17.14878
-20.79324, -17.44760
-20.42556, -17.75567
-20.05347, -18.05623
-19.67713, -18.34922
-19.29669, -18.63460
-18.93105, -18.93105
-18.54253, -19.20136
-18.16844, -19.48327
-17.79017, -19.75799
-17.40786, -20.02545
-17.03868, -20.30590
-16.64833, -20.55898
-16.27067, -20.82551
-15.88879, -21.08513
-15.50280, -21.33777
-15.11284, -21.58337
-14.73385, -21.84384
-14.35038, -22.09765
-13.96254, -22.34473
-13.57044, -22.58501
-13.17421, -22.81841
-12.78682, -23.06804
-12.38228, -23.28769
-11.98600, -23.52386
-11.58525, -23.75328
-11.19134, -23.99991
-10.78156, -24.21578
-10.37801, -24.44906
-9.96959, -24.67561
-9.55643, -24.89534
-9.13862, -25.10815
-8.72492, -25.33900
-8.30594, -25.56305
-7.88179, -25.78016
-7.45258, -25.99023
-7.01843, -26.19315
-6.58588, -26.41453
-6.14773, -26.62876
-5.70411, -26.83571
-5.25512, -27.03525
-4.80551, -27.25337
-4.34987, -27.46400
-3.88834, -27.66698
-3.42428, -27.88848
-2.95089, -28.07581
-2.47431, -28.28147
-1.99145, -28.47901
-1.50383, -28.69472
-1.00836, -28.87554
-0.50749, -29.07427
-0.00000, -29.29076
 0.51443, -29.47182
 1.03611, -29.67028
 1.56487, -29.85945
 2.10239, -30.06558
 2.64758, -30.26197
 3.20026, -30.44841
 3.76024, -30.62471
 4.33104, -30.81692
 4.90967, -30.99845
 5.49595, -31.16909
 6.09473, -31.35465
 6.70164, -31.52872
 7.32242, -31.71689
 7.95180, -31.89291
 8.58952, -32.05652
 9.23535, -32.20750
 9.89679, -32.37096
10.57492, -32.54625
11.25351, -32.68255
11.94911, -32.82990
12.66274, -32.98756
13.38547, -33.13020
14.11699, -33.25755
14.85699, -33.36935
15.62755, -33.51338
16.39598, -33.61673
17.18475, -33.72698
17.98231, -33.81981
18.78828, -33.89495
19.61553, -33.97509
20.45123, -34.03657
21.30903, -34.10157
22.17524, -34.14687
23.04944, -34.17220
23.94640, -34.19900
24.83564, -34.18332
25.74749, -34.16807
26.68260, -34.15216
27.60820, -34.09329
28.55682, -34.03269
29.49423, -33.92923
30.45436, -33.82300
31.41966, -33.69346
32.38959, -33.54040
33.36363, -33.36363
34.34125, -33.16296
35.32191, -32.93821
36.28536, -32.67148
37.27014, -32.39844
38.23601, -32.08383
39.20213, -31.74526
40.16796, -31.38265
41.11177, -30.97994
42.05364, -30.55376
42.99303, -30.10404
43.90743, -29.61594
44.81777, -29.10500
45.70105, -28.55719
46.57875, -27.98733
47.45035, -27.39547
48.26900, -26.75594
49.10308, -26.10857
49.88192, -25.41611
50.65144, -24.70436
51.41121, -23.97344
52.13658, -23.21270
52.82656, -22.42354
53.50478, -21.61734
54.14613, -20.78475
54.77462, -19.93633
55.36485, -19.06365
55.91601, -18.16821
56.45272, -17.25933
56.97466, -16.33722
57.45594, -15.39527
57.89592, -14.43507
58.31982, -13.46419
58.70149, -12.47739
59.06644, -11.48135
59.38834, -10.47177
59.66678, -9.45029
59.95387, -8.42597
60.17072, -7.38804
60.36958, -6.34510
60.55034, -5.29747
60.68646, -4.24361
60.80422, -3.18661
60.87707, -2.12587
60.93140, -1.06356
60.94068, -0.00000
